ALGORITHM LLS ERRORS PROBABILITY SIZE
quick 32 7 0.01 100
bubble 83 2 0.01 100
insertion 16 15 0.01 100
merge 39 6 0.01 100
quick 32 7 0.01 100
bubble 83 2 0.01 100
insertion 16 15 0.01 100
merge 39 6 0.01 100
quick 32 7 0.01 100
bubble 83 2 0.01 100
insertion 16 15 0.01 100
merge 39 6 0.01 100
quick 32 7 0.01 100
bubble 83 2 0.01 100
insertion 16 15 0.01 100
merge 39 6 0.01 100
quick 32 7 0.01 100
bubble 83 2 0.01 100
insertion 16 15 0.01 100
merge 39 6 0.01 100
quick 32 7 0.01 100
bubble 83 2 0.01 100
insertion 16 15 0.01 100
merge 39 6 0.01 100
quick 32 7 0.01 100
bubble 83 2 0.01 100
insertion 16 15 0.01 100
merge 39 6 0.01 100
quick 32 7 0.01 100
bubble 83 2 0.01 100
insertion 16 15 0.01 100
merge 39 6 0.01 100
quick 32 7 0.01 100
bubble 83 2 0.01 100
insertion 16 15 0.01 100
merge 39 6 0.01 100
quick 32 7 0.01 100
bubble 83 2 0.01 100
insertion 16 15 0.01 100
merge 39 6 0.01 100
quick 32 7 0.01 100
bubble 83 2 0.01 100
insertion 16 15 0.01 100
merge 39 6 0.01 100
quick 32 7 0.01 100
bubble 83 2 0.01 100
insertion 16 15 0.01 100
merge 39 6 0.01 100
quick 32 7 0.01 100
bubble 83 2 0.01 100
insertion 16 15 0.01 100
merge 39 6 0.01 100
quick 32 7 0.01 100
bubble 83 2 0.01 100
insertion 16 15 0.01 100
merge 39 6 0.01 100
quick 32 7 0.01 100
bubble 83 2 0.01 100
insertion 16 15 0.01 100
merge 39 6 0.01 100
quick 32 7 0.01 100
bubble 83 2 0.01 100
insertion 16 15 0.01 100
merge 39 6 0.01 100
quick 32 7 0.01 100
bubble 83 2 0.01 100
insertion 16 15 0.01 100
merge 39 6 0.01 100
quick 32 7 0.01 100
bubble 83 2 0.01 100
insertion 16 15 0.01 100
merge 39 6 0.01 100
quick 32 7 0.01 100
bubble 83 2 0.01 100
insertion 16 15 0.01 100
merge 39 6 0.01 100
quick 32 7 0.01 100
bubble 83 2 0.01 100
insertion 16 15 0.01 100
merge 39 6 0.01 100
quick 32 7 0.01 100
bubble 83 2 0.01 100
insertion 16 15 0.01 100
merge 39 6 0.01 100
quick 32 7 0.01 100
bubble 83 2 0.01 100
insertion 16 15 0.01 100
merge 39 6 0.01 100
quick 32 7 0.01 100
bubble 83 2 0.01 100
insertion 16 15 0.01 100
merge 39 6 0.01 100
quick 32 7 0.01 100
bubble 83 2 0.01 100
insertion 16 15 0.01 100
merge 39 6 0.01 100
quick 32 7 0.01 100
bubble 83 2 0.01 100
insertion 16 15 0.01 100
merge 39 6 0.01 100
quick 32 7 0.01 100
bubble 83 2 0.01 100
insertion 16 15 0.01 100
merge 39 6 0.01 100
quick 32 7 0.01 100
bubble 83 2 0.01 100
insertion 16 15 0.01 100
merge 39 6 0.01 100
quick 32 7 0.01 100
bubble 83 2 0.01 100
insertion 16 15 0.01 100
merge 39 6 0.01 100
quick 32 7 0.01 100
bubble 83 2 0.01 100
insertion 16 15 0.01 100
merge 39 6 0.01 100
quick 32 7 0.01 100
bubble 83 2 0.01 100
insertion 16 15 0.01 100
merge 39 6 0.01 100
quick 32 7 0.01 100
bubble 83 2 0.01 100
insertion 16 15 0.01 100
merge 39 6 0.01 100
quick 32 7 0.01 100
bubble 83 2 0.01 100
insertion 16 15 0.01 100
merge 39 6 0.01 100
quick 32 7 0.01 100
bubble 83 2 0.01 100
insertion 16 15 0.01 100
merge 39 6 0.01 100
quick 32 7 0.01 100
bubble 83 2 0.01 100
insertion 16 15 0.01 100
merge 39 6 0.01 100
quick 32 7 0.01 100
bubble 83 2 0.01 100
insertion 16 15 0.01 100
merge 39 6 0.01 100
quick 32 7 0.01 100
bubble 83 2 0.01 100
insertion 16 15 0.01 100
merge 39 6 0.01 100
quick 32 7 0.01 100
bubble 83 2 0.01 100
insertion 16 15 0.01 100
merge 39 6 0.01 100
quick 32 7 0.01 100
bubble 83 2 0.01 100
insertion 16 15 0.01 100
merge 39 6 0.01 100
quick 32 7 0.01 100
bubble 83 2 0.01 100
insertion 16 15 0.01 100
merge 39 6 0.01 100
quick 32 7 0.01 100
bubble 83 2 0.01 100
insertion 16 15 0.01 100
merge 39 6 0.01 100
quick 32 7 0.01 100
bubble 83 2 0.01 100
insertion 16 15 0.01 100
merge 39 6 0.01 100
quick 32 7 0.01 100
bubble 83 2 0.01 100
insertion 16 15 0.01 100
merge 39 6 0.01 100
quick 32 7 0.01 100
bubble 83 2 0.01 100
insertion 16 15 0.01 100
merge 39 6 0.01 100
quick 32 7 0.01 100
bubble 83 2 0.01 100
insertion 16 15 0.01 100
merge 39 6 0.01 100
quick 32 7 0.01 100
bubble 83 2 0.01 100
insertion 16 15 0.01 100
merge 39 6 0.01 100
quick 32 7 0.01 100
bubble 83 2 0.01 100
insertion 16 15 0.01 100
merge 39 6 0.01 100
quick 32 7 0.01 100
bubble 83 2 0.01 100
insertion 16 15 0.01 100
merge 39 6 0.01 100
quick 32 7 0.01 100
bubble 83 2 0.01 100
insertion 16 15 0.01 100
merge 39 6 0.01 100
quick 32 7 0.01 100
bubble 83 2 0.01 100
insertion 16 15 0.01 100
merge 39 6 0.01 100
quick 32 7 0.01 100
bubble 83 2 0.01 100
insertion 16 15 0.01 100
merge 39 6 0.01 100
quick 42 12 0.01 200
bubble 79 6 0.01 200
insertion 29 22 0.01 200
merge 47 10 0.01 200
quick 42 12 0.01 200
bubble 79 6 0.01 200
insertion 29 22 0.01 200
merge 47 10 0.01 200
quick 42 12 0.01 200
bubble 79 6 0.01 200
insertion 29 22 0.01 200
merge 47 10 0.01 200
quick 42 12 0.01 200
bubble 79 6 0.01 200
insertion 29 22 0.01 200
merge 47 10 0.01 200
quick 42 12 0.01 200
bubble 79 6 0.01 200
insertion 29 22 0.01 200
merge 47 10 0.01 200
quick 42 12 0.01 200
bubble 79 6 0.01 200
insertion 29 22 0.01 200
merge 47 10 0.01 200
quick 42 12 0.01 200
bubble 79 6 0.01 200
insertion 29 22 0.01 200
merge 47 10 0.01 200
quick 42 12 0.01 200
bubble 79 6 0.01 200
insertion 29 22 0.01 200
merge 47 10 0.01 200
quick 42 12 0.01 200
bubble 79 6 0.01 200
insertion 29 22 0.01 200
merge 47 10 0.01 200
quick 42 12 0.01 200
bubble 79 6 0.01 200
insertion 29 22 0.01 200
merge 47 10 0.01 200
quick 42 12 0.01 200
bubble 79 6 0.01 200
insertion 29 22 0.01 200
merge 47 10 0.01 200
quick 42 12 0.01 200
bubble 79 6 0.01 200
insertion 29 22 0.01 200
merge 47 10 0.01 200
quick 42 12 0.01 200
bubble 79 6 0.01 200
insertion 29 22 0.01 200
merge 47 10 0.01 200
quick 42 12 0.01 200
bubble 79 6 0.01 200
insertion 29 22 0.01 200
merge 47 10 0.01 200
quick 42 12 0.01 200
bubble 79 6 0.01 200
insertion 29 22 0.01 200
merge 47 10 0.01 200
quick 42 12 0.01 200
bubble 79 6 0.01 200
insertion 29 22 0.01 200
merge 47 10 0.01 200
quick 42 12 0.01 200
bubble 79 6 0.01 200
insertion 29 22 0.01 200
merge 47 10 0.01 200
quick 42 12 0.01 200
bubble 79 6 0.01 200
insertion 29 22 0.01 200
merge 47 10 0.01 200
quick 42 12 0.01 200
bubble 79 6 0.01 200
insertion 29 22 0.01 200
merge 47 10 0.01 200
quick 42 12 0.01 200
bubble 79 6 0.01 200
insertion 29 22 0.01 200
merge 47 10 0.01 200
quick 42 12 0.01 200
bubble 79 6 0.01 200
insertion 29 22 0.01 200
merge 47 10 0.01 200
quick 42 12 0.01 200
bubble 79 6 0.01 200
insertion 29 22 0.01 200
merge 47 10 0.01 200
quick 42 12 0.01 200
bubble 79 6 0.01 200
insertion 29 22 0.01 200
merge 47 10 0.01 200
quick 42 12 0.01 200
bubble 79 6 0.01 200
insertion 29 22 0.01 200
merge 47 10 0.01 200
quick 42 12 0.01 200
bubble 79 6 0.01 200
insertion 29 22 0.01 200
merge 47 10 0.01 200
quick 42 12 0.01 200
bubble 79 6 0.01 200
insertion 29 22 0.01 200
merge 47 10 0.01 200
quick 42 12 0.01 200
bubble 79 6 0.01 200
insertion 29 22 0.01 200
merge 47 10 0.01 200
quick 42 12 0.01 200
bubble 79 6 0.01 200
insertion 29 22 0.01 200
merge 47 10 0.01 200
quick 42 12 0.01 200
bubble 79 6 0.01 200
insertion 29 22 0.01 200
merge 47 10 0.01 200
quick 42 12 0.01 200
bubble 79 6 0.01 200
insertion 29 22 0.01 200
merge 47 10 0.01 200
quick 42 12 0.01 200
bubble 79 6 0.01 200
insertion 29 22 0.01 200
merge 47 10 0.01 200
quick 42 12 0.01 200
bubble 79 6 0.01 200
insertion 29 22 0.01 200
merge 47 10 0.01 200
quick 42 12 0.01 200
bubble 79 6 0.01 200
insertion 29 22 0.01 200
merge 47 10 0.01 200
quick 42 12 0.01 200
bubble 79 6 0.01 200
insertion 29 22 0.01 200
merge 47 10 0.01 200
quick 42 12 0.01 200
bubble 79 6 0.01 200
insertion 29 22 0.01 200
merge 47 10 0.01 200
quick 42 12 0.01 200
bubble 79 6 0.01 200
insertion 29 22 0.01 200
merge 47 10 0.01 200
quick 42 12 0.01 200
bubble 79 6 0.01 200
insertion 29 22 0.01 200
merge 47 10 0.01 200
quick 42 12 0.01 200
bubble 79 6 0.01 200
insertion 29 22 0.01 200
merge 47 10 0.01 200
quick 42 12 0.01 200
bubble 79 6 0.01 200
insertion 29 22 0.01 200
merge 47 10 0.01 200
quick 42 12 0.01 200
bubble 79 6 0.01 200
insertion 29 22 0.01 200
merge 47 10 0.01 200
quick 42 12 0.01 200
bubble 79 6 0.01 200
insertion 29 22 0.01 200
merge 47 10 0.01 200
quick 42 12 0.01 200
bubble 79 6 0.01 200
insertion 29 22 0.01 200
merge 47 10 0.01 200
quick 42 12 0.01 200
bubble 79 6 0.01 200
insertion 29 22 0.01 200
merge 47 10 0.01 200
quick 42 12 0.01 200
bubble 79 6 0.01 200
insertion 29 22 0.01 200
merge 47 10 0.01 200
quick 42 12 0.01 200
bubble 79 6 0.01 200
insertion 29 22 0.01 200
merge 47 10 0.01 200
quick 42 12 0.01 200
bubble 79 6 0.01 200
insertion 29 22 0.01 200
merge 47 10 0.01 200
quick 42 12 0.01 200
bubble 79 6 0.01 200
insertion 29 22 0.01 200
merge 47 10 0.01 200
quick 42 12 0.01 200
bubble 79 6 0.01 200
insertion 29 22 0.01 200
merge 47 10 0.01 200
quick 42 12 0.01 200
bubble 79 6 0.01 200
insertion 29 22 0.01 200
merge 47 10 0.01 200
quick 42 12 0.01 200
bubble 79 6 0.01 200
insertion 29 22 0.01 200
merge 47 10 0.01 200
quick 81 20 0.01 400
bubble 145 10 0.01 400
insertion 27 57 0.01 400
merge 58 25 0.01 400
quick 81 20 0.01 400
bubble 145 10 0.01 400
insertion 27 57 0.01 400
merge 58 25 0.01 400
quick 81 20 0.01 400
bubble 145 10 0.01 400
insertion 27 57 0.01 400
merge 58 25 0.01 400
quick 81 20 0.01 400
bubble 145 10 0.01 400
insertion 27 57 0.01 400
merge 58 25 0.01 400
quick 81 20 0.01 400
bubble 145 10 0.01 400
insertion 27 57 0.01 400
merge 58 25 0.01 400
quick 81 20 0.01 400
bubble 145 10 0.01 400
insertion 27 57 0.01 400
merge 58 25 0.01 400
quick 81 20 0.01 400
bubble 145 10 0.01 400
insertion 27 57 0.01 400
merge 58 25 0.01 400
quick 81 20 0.01 400
bubble 145 10 0.01 400
insertion 27 57 0.01 400
merge 58 25 0.01 400
quick 81 20 0.01 400
bubble 145 10 0.01 400
insertion 27 57 0.01 400
merge 58 25 0.01 400
quick 81 20 0.01 400
bubble 145 10 0.01 400
insertion 27 57 0.01 400
merge 58 25 0.01 400
quick 81 20 0.01 400
bubble 145 10 0.01 400
insertion 27 57 0.01 400
merge 58 25 0.01 400
quick 81 20 0.01 400
bubble 145 10 0.01 400
insertion 27 57 0.01 400
merge 58 25 0.01 400
quick 81 20 0.01 400
bubble 145 10 0.01 400
insertion 27 57 0.01 400
merge 58 25 0.01 400
quick 81 20 0.01 400
bubble 145 10 0.01 400
insertion 27 57 0.01 400
merge 58 25 0.01 400
quick 81 20 0.01 400
bubble 145 10 0.01 400
insertion 27 57 0.01 400
merge 58 25 0.01 400
quick 81 20 0.01 400
bubble 145 10 0.01 400
insertion 27 57 0.01 400
merge 58 25 0.01 400
quick 81 20 0.01 400
bubble 145 10 0.01 400
insertion 27 57 0.01 400
merge 58 25 0.01 400
quick 81 20 0.01 400
bubble 145 10 0.01 400
insertion 27 57 0.01 400
merge 58 25 0.01 400
quick 81 20 0.01 400
bubble 145 10 0.01 400
insertion 27 57 0.01 400
merge 58 25 0.01 400
quick 81 20 0.01 400
bubble 145 10 0.01 400
insertion 27 57 0.01 400
merge 58 25 0.01 400
quick 81 20 0.01 400
bubble 145 10 0.01 400
insertion 27 57 0.01 400
merge 58 25 0.01 400
quick 81 20 0.01 400
bubble 145 10 0.01 400
insertion 27 57 0.01 400
merge 58 25 0.01 400
quick 81 20 0.01 400
bubble 145 10 0.01 400
insertion 27 57 0.01 400
merge 58 25 0.01 400
quick 81 20 0.01 400
bubble 145 10 0.01 400
insertion 27 57 0.01 400
merge 58 25 0.01 400
quick 81 20 0.01 400
bubble 145 10 0.01 400
insertion 27 57 0.01 400
merge 58 25 0.01 400
quick 81 20 0.01 400
bubble 145 10 0.01 400
insertion 27 57 0.01 400
merge 58 25 0.01 400
quick 81 20 0.01 400
bubble 145 10 0.01 400
insertion 27 57 0.01 400
merge 58 25 0.01 400
quick 81 20 0.01 400
bubble 145 10 0.01 400
insertion 27 57 0.01 400
merge 58 25 0.01 400
quick 81 20 0.01 400
bubble 145 10 0.01 400
insertion 27 57 0.01 400
merge 58 25 0.01 400
quick 81 20 0.01 400
bubble 145 10 0.01 400
insertion 27 57 0.01 400
merge 58 25 0.01 400
quick 81 20 0.01 400
bubble 145 10 0.01 400
insertion 27 57 0.01 400
merge 58 25 0.01 400
quick 81 20 0.01 400
bubble 145 10 0.01 400
insertion 27 57 0.01 400
merge 58 25 0.01 400
quick 81 20 0.01 400
bubble 145 10 0.01 400
insertion 27 57 0.01 400
merge 58 25 0.01 400
quick 81 20 0.01 400
bubble 145 10 0.01 400
insertion 27 57 0.01 400
merge 58 25 0.01 400
quick 81 20 0.01 400
bubble 145 10 0.01 400
insertion 27 57 0.01 400
merge 58 25 0.01 400
quick 81 20 0.01 400
bubble 145 10 0.01 400
insertion 27 57 0.01 400
merge 58 25 0.01 400
quick 81 20 0.01 400
bubble 145 10 0.01 400
insertion 27 57 0.01 400
merge 58 25 0.01 400
quick 81 20 0.01 400
bubble 145 10 0.01 400
insertion 27 57 0.01 400
merge 58 25 0.01 400
quick 81 20 0.01 400
bubble 145 10 0.01 400
insertion 27 57 0.01 400
merge 58 25 0.01 400
quick 81 20 0.01 400
bubble 145 10 0.01 400
insertion 27 57 0.01 400
merge 58 25 0.01 400
quick 81 20 0.01 400
bubble 145 10 0.01 400
insertion 27 57 0.01 400
merge 58 25 0.01 400
quick 81 20 0.01 400
bubble 145 10 0.01 400
insertion 27 57 0.01 400
merge 58 25 0.01 400
quick 81 20 0.01 400
bubble 145 10 0.01 400
insertion 27 57 0.01 400
merge 58 25 0.01 400
quick 81 20 0.01 400
bubble 145 10 0.01 400
insertion 27 57 0.01 400
merge 58 25 0.01 400
quick 81 20 0.01 400
bubble 145 10 0.01 400
insertion 27 57 0.01 400
merge 58 25 0.01 400
quick 81 20 0.01 400
bubble 145 10 0.01 400
insertion 27 57 0.01 400
merge 58 25 0.01 400
quick 81 20 0.01 400
bubble 145 10 0.01 400
insertion 27 57 0.01 400
merge 58 25 0.01 400
quick 81 20 0.01 400
bubble 145 10 0.01 400
insertion 27 57 0.01 400
merge 58 25 0.01 400
quick 81 20 0.01 400
bubble 145 10 0.01 400
insertion 27 57 0.01 400
merge 58 25 0.01 400
quick 81 20 0.01 400
bubble 145 10 0.01 400
insertion 27 57 0.01 400
merge 58 25 0.01 400
quick 67 51 0.01 800
bubble 168 25 0.01 800
insertion 20 116 0.01 800
merge 77 55 0.01 800
quick 67 51 0.01 800
bubble 168 25 0.01 800
insertion 20 116 0.01 800
merge 77 55 0.01 800
quick 67 51 0.01 800
bubble 168 25 0.01 800
insertion 20 116 0.01 800
merge 77 55 0.01 800
quick 67 51 0.01 800
bubble 168 25 0.01 800
insertion 20 116 0.01 800
merge 77 55 0.01 800
quick 67 51 0.01 800
bubble 168 25 0.01 800
insertion 20 116 0.01 800
merge 77 55 0.01 800
quick 67 51 0.01 800
bubble 168 25 0.01 800
insertion 20 116 0.01 800
merge 77 55 0.01 800
quick 67 51 0.01 800
bubble 168 25 0.01 800
insertion 20 116 0.01 800
merge 77 55 0.01 800
quick 67 51 0.01 800
bubble 168 25 0.01 800
insertion 20 116 0.01 800
merge 77 55 0.01 800
quick 67 51 0.01 800
bubble 168 25 0.01 800
insertion 20 116 0.01 800
merge 77 55 0.01 800
quick 67 51 0.01 800
bubble 168 25 0.01 800
insertion 20 116 0.01 800
merge 77 55 0.01 800
quick 67 51 0.01 800
bubble 168 25 0.01 800
insertion 20 116 0.01 800
merge 77 55 0.01 800
quick 67 51 0.01 800
bubble 168 25 0.01 800
insertion 20 116 0.01 800
merge 77 55 0.01 800
quick 67 51 0.01 800
bubble 168 25 0.01 800
insertion 20 116 0.01 800
merge 77 55 0.01 800
quick 67 51 0.01 800
bubble 168 25 0.01 800
insertion 20 116 0.01 800
merge 77 55 0.01 800
quick 67 51 0.01 800
bubble 168 25 0.01 800
insertion 20 116 0.01 800
merge 77 55 0.01 800
quick 67 51 0.01 800
bubble 168 25 0.01 800
insertion 20 116 0.01 800
merge 77 55 0.01 800
quick 67 51 0.01 800
bubble 168 25 0.01 800
insertion 20 116 0.01 800
merge 77 55 0.01 800
quick 67 51 0.01 800
bubble 168 25 0.01 800
insertion 20 116 0.01 800
merge 77 55 0.01 800
quick 67 51 0.01 800
bubble 168 25 0.01 800
insertion 20 116 0.01 800
merge 77 55 0.01 800
quick 67 51 0.01 800
bubble 168 25 0.01 800
insertion 20 116 0.01 800
merge 77 55 0.01 800
quick 67 51 0.01 800
bubble 168 25 0.01 800
insertion 20 116 0.01 800
merge 77 55 0.01 800
quick 67 51 0.01 800
bubble 168 25 0.01 800
insertion 20 116 0.01 800
merge 77 55 0.01 800
quick 67 51 0.01 800
bubble 168 25 0.01 800
insertion 20 116 0.01 800
merge 77 55 0.01 800
quick 67 51 0.01 800
bubble 168 25 0.01 800
insertion 20 116 0.01 800
merge 77 55 0.01 800
quick 67 51 0.01 800
bubble 168 25 0.01 800
insertion 20 116 0.01 800
merge 77 55 0.01 800
quick 67 51 0.01 800
bubble 168 25 0.01 800
insertion 20 116 0.01 800
merge 77 55 0.01 800
quick 67 51 0.01 800
bubble 168 25 0.01 800
insertion 20 116 0.01 800
merge 77 55 0.01 800
quick 67 51 0.01 800
bubble 168 25 0.01 800
insertion 20 116 0.01 800
merge 77 55 0.01 800
quick 67 51 0.01 800
bubble 168 25 0.01 800
insertion 20 116 0.01 800
merge 77 55 0.01 800
quick 67 51 0.01 800
bubble 168 25 0.01 800
insertion 20 116 0.01 800
merge 77 55 0.01 800
quick 67 51 0.01 800
bubble 168 25 0.01 800
insertion 20 116 0.01 800
merge 77 55 0.01 800
quick 67 51 0.01 800
bubble 168 25 0.01 800
insertion 20 116 0.01 800
merge 77 55 0.01 800
quick 67 51 0.01 800
bubble 168 25 0.01 800
insertion 20 116 0.01 800
merge 77 55 0.01 800
quick 67 51 0.01 800
bubble 168 25 0.01 800
insertion 20 116 0.01 800
merge 77 55 0.01 800
quick 67 51 0.01 800
bubble 168 25 0.01 800
insertion 20 116 0.01 800
merge 77 55 0.01 800
quick 67 51 0.01 800
bubble 168 25 0.01 800
insertion 20 116 0.01 800
merge 77 55 0.01 800
quick 67 51 0.01 800
bubble 168 25 0.01 800
insertion 20 116 0.01 800
merge 77 55 0.01 800
quick 67 51 0.01 800
bubble 168 25 0.01 800
insertion 20 116 0.01 800
merge 77 55 0.01 800
quick 67 51 0.01 800
bubble 168 25 0.01 800
insertion 20 116 0.01 800
merge 77 55 0.01 800
quick 67 51 0.01 800
bubble 168 25 0.01 800
insertion 20 116 0.01 800
merge 77 55 0.01 800
quick 67 51 0.01 800
bubble 168 25 0.01 800
insertion 20 116 0.01 800
merge 77 55 0.01 800
quick 67 51 0.01 800
bubble 168 25 0.01 800
insertion 20 116 0.01 800
merge 77 55 0.01 800
quick 67 51 0.01 800
bubble 168 25 0.01 800
insertion 20 116 0.01 800
merge 77 55 0.01 800
quick 67 51 0.01 800
bubble 168 25 0.01 800
insertion 20 116 0.01 800
merge 77 55 0.01 800
quick 67 51 0.01 800
bubble 168 25 0.01 800
insertion 20 116 0.01 800
merge 77 55 0.01 800
quick 67 51 0.01 800
bubble 168 25 0.01 800
insertion 20 116 0.01 800
merge 77 55 0.01 800
quick 67 51 0.01 800
bubble 168 25 0.01 800
insertion 20 116 0.01 800
merge 77 55 0.01 800
quick 67 51 0.01 800
bubble 168 25 0.01 800
insertion 20 116 0.01 800
merge 77 55 0.01 800
quick 67 51 0.01 800
bubble 168 25 0.01 800
insertion 20 116 0.01 800
merge 77 55 0.01 800
quick 67 51 0.01 800
bubble 168 25 0.01 800
insertion 20 116 0.01 800
merge 77 55 0.01 800
quick 95 59 0.01 1600
bubble 210 38 0.01 1600
insertion 29 231 0.01 1600
merge 66 113 0.01 1600
quick 95 59 0.01 1600
bubble 210 38 0.01 1600
insertion 29 231 0.01 1600
merge 66 113 0.01 1600
quick 95 59 0.01 1600
bubble 210 38 0.01 1600
insertion 29 231 0.01 1600
merge 66 113 0.01 1600
quick 95 59 0.01 1600
bubble 210 38 0.01 1600
insertion 29 231 0.01 1600
merge 66 113 0.01 1600
quick 95 59 0.01 1600
bubble 210 38 0.01 1600
insertion 29 231 0.01 1600
merge 66 113 0.01 1600
quick 95 59 0.01 1600
bubble 210 38 0.01 1600
insertion 29 231 0.01 1600
merge 66 113 0.01 1600
quick 95 59 0.01 1600
bubble 210 38 0.01 1600
insertion 29 231 0.01 1600
merge 66 113 0.01 1600
quick 95 59 0.01 1600
bubble 210 38 0.01 1600
insertion 29 231 0.01 1600
merge 66 113 0.01 1600
quick 95 59 0.01 1600
bubble 210 38 0.01 1600
insertion 29 231 0.01 1600
merge 66 113 0.01 1600
quick 95 59 0.01 1600
bubble 210 38 0.01 1600
insertion 29 231 0.01 1600
merge 66 113 0.01 1600
quick 95 59 0.01 1600
bubble 210 38 0.01 1600
insertion 29 231 0.01 1600
merge 66 113 0.01 1600
quick 95 59 0.01 1600
bubble 210 38 0.01 1600
insertion 29 231 0.01 1600
merge 66 113 0.01 1600
quick 95 59 0.01 1600
bubble 210 38 0.01 1600
insertion 29 231 0.01 1600
merge 66 113 0.01 1600
quick 95 59 0.01 1600
bubble 210 38 0.01 1600
insertion 29 231 0.01 1600
merge 66 113 0.01 1600
quick 95 59 0.01 1600
bubble 210 38 0.01 1600
insertion 29 231 0.01 1600
merge 66 113 0.01 1600
quick 95 59 0.01 1600
bubble 210 38 0.01 1600
insertion 29 231 0.01 1600
merge 66 113 0.01 1600
quick 95 59 0.01 1600
bubble 210 38 0.01 1600
insertion 29 231 0.01 1600
merge 66 113 0.01 1600
quick 95 59 0.01 1600
bubble 210 38 0.01 1600
insertion 29 231 0.01 1600
merge 66 113 0.01 1600
quick 95 59 0.01 1600
bubble 210 38 0.01 1600
insertion 29 231 0.01 1600
merge 66 113 0.01 1600
quick 95 59 0.01 1600
bubble 210 38 0.01 1600
insertion 29 231 0.01 1600
merge 66 113 0.01 1600
quick 95 59 0.01 1600
bubble 210 38 0.01 1600
insertion 29 231 0.01 1600
merge 66 113 0.01 1600
quick 95 59 0.01 1600
bubble 210 38 0.01 1600
insertion 29 231 0.01 1600
merge 66 113 0.01 1600
quick 95 59 0.01 1600
bubble 210 38 0.01 1600
insertion 29 231 0.01 1600
merge 66 113 0.01 1600
quick 95 59 0.01 1600
bubble 210 38 0.01 1600
insertion 29 231 0.01 1600
merge 66 113 0.01 1600
quick 95 59 0.01 1600
bubble 210 38 0.01 1600
insertion 29 231 0.01 1600
merge 66 113 0.01 1600
quick 95 59 0.01 1600
bubble 210 38 0.01 1600
insertion 29 231 0.01 1600
merge 66 113 0.01 1600
quick 95 59 0.01 1600
bubble 210 38 0.01 1600
insertion 29 231 0.01 1600
merge 66 113 0.01 1600
quick 95 59 0.01 1600
bubble 210 38 0.01 1600
insertion 29 231 0.01 1600
merge 66 113 0.01 1600
quick 95 59 0.01 1600
bubble 210 38 0.01 1600
insertion 29 231 0.01 1600
merge 66 113 0.01 1600
quick 95 59 0.01 1600
bubble 210 38 0.01 1600
insertion 29 231 0.01 1600
merge 66 113 0.01 1600
quick 95 59 0.01 1600
bubble 210 38 0.01 1600
insertion 29 231 0.01 1600
merge 66 113 0.01 1600
quick 95 59 0.01 1600
bubble 210 38 0.01 1600
insertion 29 231 0.01 1600
merge 66 113 0.01 1600
quick 95 59 0.01 1600
bubble 210 38 0.01 1600
insertion 29 231 0.01 1600
merge 66 113 0.01 1600
quick 95 59 0.01 1600
bubble 210 38 0.01 1600
insertion 29 231 0.01 1600
merge 66 113 0.01 1600
quick 95 59 0.01 1600
bubble 210 38 0.01 1600
insertion 29 231 0.01 1600
merge 66 113 0.01 1600
quick 95 59 0.01 1600
bubble 210 38 0.01 1600
insertion 29 231 0.01 1600
merge 66 113 0.01 1600
quick 95 59 0.01 1600
bubble 210 38 0.01 1600
insertion 29 231 0.01 1600
merge 66 113 0.01 1600
quick 95 59 0.01 1600
bubble 210 38 0.01 1600
insertion 29 231 0.01 1600
merge 66 113 0.01 1600
quick 95 59 0.01 1600
bubble 210 38 0.01 1600
insertion 29 231 0.01 1600
merge 66 113 0.01 1600
quick 95 59 0.01 1600
bubble 210 38 0.01 1600
insertion 29 231 0.01 1600
merge 66 113 0.01 1600
quick 95 59 0.01 1600
bubble 210 38 0.01 1600
insertion 29 231 0.01 1600
merge 66 113 0.01 1600
quick 95 59 0.01 1600
bubble 210 38 0.01 1600
insertion 29 231 0.01 1600
merge 66 113 0.01 1600
quick 95 59 0.01 1600
bubble 210 38 0.01 1600
insertion 29 231 0.01 1600
merge 66 113 0.01 1600
quick 95 59 0.01 1600
bubble 210 38 0.01 1600
insertion 29 231 0.01 1600
merge 66 113 0.01 1600
quick 95 59 0.01 1600
bubble 210 38 0.01 1600
insertion 29 231 0.01 1600
merge 66 113 0.01 1600
quick 95 59 0.01 1600
bubble 210 38 0.01 1600
insertion 29 231 0.01 1600
merge 66 113 0.01 1600
quick 95 59 0.01 1600
bubble 210 38 0.01 1600
insertion 29 231 0.01 1600
merge 66 113 0.01 1600
quick 95 59 0.01 1600
bubble 210 38 0.01 1600
insertion 29 231 0.01 1600
merge 66 113 0.01 1600
quick 95 59 0.01 1600
bubble 210 38 0.01 1600
insertion 29 231 0.01 1600
merge 66 113 0.01 1600
quick 95 59 0.01 1600
bubble 210 38 0.01 1600
insertion 29 231 0.01 1600
merge 66 113 0.01 1600
