ALGORITHM LLS ERRORS PROBABILITY SIZE
quick 8 35 0.15 100
bubble 14 27 0.15 100
insertion 5 36 0.15 100
merge 6 38 0.15 100
quick 7 33 0.15 100
bubble 14 25 0.15 100
insertion 7 34 0.15 100
merge 7 32 0.15 100
quick 6 35 0.15 100
bubble 14 25 0.15 100
insertion 6 33 0.15 100
merge 7 39 0.15 100
quick 5 40 0.15 100
bubble 14 25 0.15 100
insertion 7 35 0.15 100
merge 8 36 0.15 100
quick 8 30 0.15 100
bubble 15 23 0.15 100
insertion 5 39 0.15 100
merge 5 39 0.15 100
quick 6 37 0.15 100
bubble 14 27 0.15 100
insertion 8 30 0.15 100
merge 9 33 0.15 100
quick 8 32 0.15 100
bubble 19 26 0.15 100
insertion 6 36 0.15 100
merge 8 31 0.15 100
quick 7 33 0.15 100
bubble 15 22 0.15 100
insertion 7 36 0.15 100
merge 13 34 0.15 100
quick 9 29 0.15 100
bubble 14 21 0.15 100
insertion 8 33 0.15 100
merge 8 32 0.15 100
quick 10 35 0.15 100
bubble 8 24 0.15 100
insertion 9 33 0.15 100
merge 11 28 0.15 100
quick 6 32 0.15 100
bubble 10 23 0.15 100
insertion 7 36 0.15 100
merge 9 35 0.15 100
quick 9 33 0.15 100
bubble 8 24 0.15 100
insertion 8 35 0.15 100
merge 13 24 0.15 100
quick 6 36 0.15 100
bubble 11 22 0.15 100
insertion 10 34 0.15 100
merge 9 27 0.15 100
quick 9 30 0.15 100
bubble 12 22 0.15 100
insertion 7 34 0.15 100
merge 8 33 0.15 100
quick 8 35 0.15 100
bubble 10 22 0.15 100
insertion 8 28 0.15 100
merge 8 27 0.15 100
quick 7 29 0.15 100
bubble 8 26 0.15 100
insertion 9 33 0.15 100
merge 9 32 0.15 100
quick 10 32 0.15 100
bubble 10 24 0.15 100
insertion 8 31 0.15 100
merge 9 29 0.15 100
quick 9 26 0.15 100
bubble 18 21 0.15 100
insertion 7 36 0.15 100
merge 8 34 0.15 100
quick 8 29 0.15 100
bubble 13 28 0.15 100
insertion 9 27 0.15 100
merge 7 33 0.15 100
quick 7 31 0.15 100
bubble 11 28 0.15 100
insertion 9 29 0.15 100
merge 9 32 0.15 100
quick 9 34 0.15 100
bubble 15 21 0.15 100
insertion 11 27 0.15 100
merge 8 30 0.15 100
quick 9 29 0.15 100
bubble 21 28 0.15 100
insertion 8 36 0.15 100
merge 8 27 0.15 100
quick 8 34 0.15 100
bubble 18 25 0.15 100
insertion 11 31 0.15 100
merge 7 29 0.15 100
quick 10 27 0.15 100
bubble 11 26 0.15 100
insertion 10 27 0.15 100
merge 10 30 0.15 100
quick 8 34 0.15 100
bubble 18 24 0.15 100
insertion 7 33 0.15 100
merge 6 32 0.15 100
quick 9 31 0.15 100
bubble 13 28 0.15 100
insertion 8 28 0.15 100
merge 9 27 0.15 100
quick 8 33 0.15 100
bubble 19 23 0.15 100
insertion 7 29 0.15 100
merge 9 31 0.15 100
quick 7 30 0.15 100
bubble 13 25 0.15 100
insertion 10 32 0.15 100
merge 6 33 0.15 100
quick 8 31 0.15 100
bubble 14 23 0.15 100
insertion 7 28 0.15 100
merge 6 30 0.15 100
quick 8 30 0.15 100
bubble 17 21 0.15 100
insertion 6 32 0.15 100
merge 11 29 0.15 100
quick 7 30 0.15 100
bubble 14 19 0.15 100
insertion 9 32 0.15 100
merge 8 34 0.15 100
quick 9 32 0.15 100
bubble 11 23 0.15 100
insertion 8 32 0.15 100
merge 7 30 0.15 100
quick 8 34 0.15 100
bubble 17 22 0.15 100
insertion 8 32 0.15 100
merge 8 29 0.15 100
quick 9 28 0.15 100
bubble 11 25 0.15 100
insertion 8 29 0.15 100
merge 13 31 0.15 100
quick 10 29 0.15 100
bubble 14 22 0.15 100
insertion 7 30 0.15 100
merge 11 33 0.15 100
quick 8 31 0.15 100
bubble 20 19 0.15 100
insertion 6 33 0.15 100
merge 7 29 0.15 100
quick 6 31 0.15 100
bubble 14 21 0.15 100
insertion 6 34 0.15 100
merge 10 29 0.15 100
quick 11 28 0.15 100
bubble 14 23 0.15 100
insertion 6 35 0.15 100
merge 7 38 0.15 100
quick 8 35 0.15 100
bubble 17 25 0.15 100
insertion 8 34 0.15 100
merge 7 34 0.15 100
quick 8 31 0.15 100
bubble 17 23 0.15 100
insertion 8 37 0.15 100
merge 6 37 0.15 100
quick 8 27 0.15 100
bubble 20 22 0.15 100
insertion 7 31 0.15 100
merge 6 31 0.15 100
quick 8 32 0.15 100
bubble 20 19 0.15 100
insertion 9 36 0.15 100
merge 6 38 0.15 100
quick 10 31 0.15 100
bubble 20 19 0.15 100
insertion 7 33 0.15 100
merge 7 35 0.15 100
quick 7 31 0.15 100
bubble 17 22 0.15 100
insertion 8 31 0.15 100
merge 6 33 0.15 100
quick 11 29 0.15 100
bubble 17 26 0.15 100
insertion 7 31 0.15 100
merge 7 35 0.15 100
quick 11 30 0.15 100
bubble 17 22 0.15 100
insertion 7 36 0.15 100
merge 7 35 0.15 100
quick 9 32 0.15 100
bubble 17 21 0.15 100
insertion 7 33 0.15 100
merge 9 36 0.15 100
quick 8 28 0.15 100
bubble 17 27 0.15 100
insertion 11 30 0.15 100
merge 9 30 0.15 100
quick 8 30 0.15 100
bubble 14 28 0.15 100
insertion 7 34 0.15 100
merge 9 25 0.15 100
quick 8 30 0.15 100
bubble 14 25 0.15 100
insertion 7 30 0.15 100
merge 7 31 0.15 100
quick 23 15 0.03 100
bubble 53 10 0.03 100
insertion 11 21 0.03 100
merge 19 12 0.03 100
quick 25 12 0.03 100
bubble 40 10 0.03 100
insertion 13 21 0.03 100
merge 17 11 0.03 100
quick 15 15 0.03 100
bubble 61 6 0.03 100
insertion 14 20 0.03 100
merge 20 12 0.03 100
quick 19 15 0.03 100
bubble 40 11 0.03 100
insertion 13 19 0.03 100
merge 47 9 0.03 100
quick 20 12 0.03 100
bubble 40 11 0.03 100
insertion 14 22 0.03 100
merge 20 12 0.03 100
quick 23 13 0.03 100
bubble 53 10 0.03 100
insertion 11 20 0.03 100
merge 14 13 0.03 100
quick 16 15 0.03 100
bubble 40 11 0.03 100
insertion 12 19 0.03 100
merge 16 13 0.03 100
quick 13 18 0.03 100
bubble 35 6 0.03 100
insertion 15 23 0.03 100
merge 15 12 0.03 100
quick 27 11 0.03 100
bubble 58 5 0.03 100
insertion 13 21 0.03 100
merge 20 12 0.03 100
quick 23 10 0.03 100
bubble 31 8 0.03 100
insertion 13 18 0.03 100
merge 23 11 0.03 100
quick 20 13 0.03 100
bubble 62 5 0.03 100
insertion 9 23 0.03 100
merge 22 10 0.03 100
quick 29 13 0.03 100
bubble 31 7 0.03 100
insertion 13 19 0.03 100
merge 18 11 0.03 100
quick 22 14 0.03 100
bubble 58 6 0.03 100
insertion 12 21 0.03 100
merge 22 10 0.03 100
quick 18 15 0.03 100
bubble 35 6 0.03 100
insertion 12 25 0.03 100
merge 20 12 0.03 100
quick 20 15 0.03 100
bubble 31 6 0.03 100
insertion 10 23 0.03 100
merge 18 11 0.03 100
quick 18 13 0.03 100
bubble 31 7 0.03 100
insertion 16 19 0.03 100
merge 22 12 0.03 100
quick 18 12 0.03 100
bubble 58 6 0.03 100
insertion 11 23 0.03 100
merge 19 12 0.03 100
quick 27 8 0.03 100
bubble 23 5 0.03 100
insertion 17 15 0.03 100
merge 24 11 0.03 100
quick 18 10 0.03 100
bubble 43 6 0.03 100
insertion 12 16 0.03 100
merge 23 10 0.03 100
quick 17 10 0.03 100
bubble 60 5 0.03 100
insertion 15 17 0.03 100
merge 31 11 0.03 100
quick 18 12 0.03 100
bubble 23 6 0.03 100
insertion 12 15 0.03 100
merge 20 10 0.03 100
quick 29 8 0.03 100
bubble 21 6 0.03 100
insertion 19 16 0.03 100
merge 18 12 0.03 100
quick 37 7 0.03 100
bubble 23 9 0.03 100
insertion 13 13 0.03 100
merge 24 11 0.03 100
quick 21 9 0.03 100
bubble 21 9 0.03 100
insertion 13 16 0.03 100
merge 28 9 0.03 100
quick 29 12 0.03 100
bubble 59 7 0.03 100
insertion 17 12 0.03 100
merge 29 11 0.03 100
quick 31 7 0.03 100
bubble 23 6 0.03 100
insertion 23 14 0.03 100
merge 21 9 0.03 100
quick 27 10 0.03 100
bubble 23 6 0.03 100
insertion 15 14 0.03 100
merge 24 11 0.03 100
quick 15 15 0.03 100
bubble 47 4 0.03 100
insertion 12 20 0.03 100
merge 20 11 0.03 100
quick 15 14 0.03 100
bubble 62 3 0.03 100
insertion 18 17 0.03 100
merge 22 13 0.03 100
quick 17 15 0.03 100
bubble 47 4 0.03 100
insertion 14 18 0.03 100
merge 14 14 0.03 100
quick 12 14 0.03 100
bubble 28 5 0.03 100
insertion 14 14 0.03 100
merge 20 12 0.03 100
quick 14 15 0.03 100
bubble 47 5 0.03 100
insertion 13 20 0.03 100
merge 25 13 0.03 100
quick 17 15 0.03 100
bubble 62 4 0.03 100
insertion 12 20 0.03 100
merge 16 14 0.03 100
quick 18 13 0.03 100
bubble 25 6 0.03 100
insertion 13 19 0.03 100
merge 14 14 0.03 100
quick 12 17 0.03 100
bubble 62 3 0.03 100
insertion 16 20 0.03 100
merge 20 10 0.03 100
quick 12 16 0.03 100
bubble 47 7 0.03 100
insertion 18 20 0.03 100
merge 31 14 0.03 100
quick 18 17 0.03 100
bubble 28 5 0.03 100
insertion 13 17 0.03 100
merge 17 15 0.03 100
quick 23 13 0.03 100
bubble 66 6 0.03 100
insertion 11 16 0.03 100
merge 13 13 0.03 100
quick 27 11 0.03 100
bubble 66 9 0.03 100
insertion 11 22 0.03 100
merge 31 15 0.03 100
quick 22 11 0.03 100
bubble 66 4 0.03 100
insertion 12 19 0.03 100
merge 20 12 0.03 100
quick 18 11 0.03 100
bubble 34 9 0.03 100
insertion 16 17 0.03 100
merge 34 11 0.03 100
quick 35 12 0.03 100
bubble 34 5 0.03 100
insertion 14 18 0.03 100
merge 20 14 0.03 100
quick 14 14 0.03 100
bubble 32 11 0.03 100
insertion 9 19 0.03 100
merge 37 13 0.03 100
quick 21 14 0.03 100
bubble 23 12 0.03 100
insertion 14 17 0.03 100
merge 13 13 0.03 100
quick 25 11 0.03 100
bubble 34 8 0.03 100
insertion 18 16 0.03 100
merge 19 13 0.03 100
quick 32 8 0.03 100
bubble 57 8 0.03 100
insertion 10 19 0.03 100
merge 19 13 0.03 100
quick 18 10 0.03 100
bubble 34 8 0.03 100
insertion 13 13 0.03 100
merge 18 9 0.03 100
quick 28 9 0.03 100
bubble 39 9 0.03 100
insertion 13 14 0.03 100
merge 27 8 0.03 100
quick 16 10 0.03 100
bubble 45 8 0.03 100
insertion 18 19 0.03 100
merge 25 8 0.03 100
quick 17 12 0.03 100
bubble 45 6 0.03 100
insertion 12 18 0.03 100
merge 28 10 0.03 100
quick 78 1 0.006 100
bubble 66 1 0.006 100
insertion 27 7 0.006 100
merge 100 0 0.006 100
quick 99 1 0.006 100
bubble 66 1 0.006 100
insertion 41 7 0.006 100
merge 100 0 0.006 100
quick 53 1 0.006 100
bubble 66 1 0.006 100
insertion 36 3 0.006 100
merge 100 0 0.006 100
quick 74 1 0.006 100
bubble 66 1 0.006 100
insertion 34 6 0.006 100
merge 100 0 0.006 100
quick 83 1 0.006 100
bubble 66 1 0.006 100
insertion 34 7 0.006 100
merge 100 0 0.006 100
quick 66 1 0.006 100
bubble 66 2 0.006 100
insertion 25 6 0.006 100
merge 48 2 0.006 100
quick 53 2 0.006 100
bubble 52 2 0.006 100
insertion 31 7 0.006 100
merge 52 2 0.006 100
quick 55 2 0.006 100
bubble 84 1 0.006 100
insertion 31 5 0.006 100
merge 52 2 0.006 100
quick 39 2 0.006 100
bubble 52 1 0.006 100
insertion 38 6 0.006 100
merge 48 2 0.006 100
quick 62 1 0.006 100
bubble 65 2 0.006 100
insertion 33 6 0.006 100
merge 48 2 0.006 100
quick 89 1 0.006 100
bubble 52 1 0.006 100
insertion 34 6 0.006 100
merge 52 2 0.006 100
quick 73 1 0.006 100
bubble 97 1 0.006 100
insertion 32 6 0.006 100
merge 48 2 0.006 100
quick 100 0 0.006 100
bubble 52 2 0.006 100
insertion 28 8 0.006 100
merge 48 2 0.006 100
quick 100 0 0.006 100
bubble 95 1 0.006 100
insertion 20 7 0.006 100
merge 48 2 0.006 100
quick 63 1 0.006 100
bubble 52 1 0.006 100
insertion 37 7 0.006 100
merge 94 1 0.006 100
quick 59 1 0.006 100
bubble 100 0 0.006 100
insertion 56 6 0.006 100
merge 49 3 0.006 100
quick 39 3 0.006 100
bubble 68 3 0.006 100
insertion 34 7 0.006 100
merge 57 2 0.006 100
quick 41 3 0.006 100
bubble 64 2 0.006 100
insertion 17 10 0.006 100
merge 58 3 0.006 100
quick 69 3 0.006 100
bubble 92 2 0.006 100
insertion 22 9 0.006 100
merge 54 2 0.006 100
quick 60 2 0.006 100
bubble 68 2 0.006 100
insertion 40 6 0.006 100
merge 88 2 0.006 100
quick 52 3 0.006 100
bubble 68 2 0.006 100
insertion 19 8 0.006 100
merge 47 2 0.006 100
quick 34 3 0.006 100
bubble 100 0 0.006 100
insertion 23 7 0.006 100
merge 47 3 0.006 100
quick 47 3 0.006 100
bubble 92 2 0.006 100
insertion 23 9 0.006 100
merge 43 3 0.006 100
quick 43 5 0.006 100
bubble 68 1 0.006 100
insertion 29 5 0.006 100
merge 52 3 0.006 100
quick 95 1 0.006 100
bubble 68 5 0.006 100
insertion 23 6 0.006 100
merge 51 2 0.006 100
quick 43 3 0.006 100
bubble 100 0 0.006 100
insertion 38 2 0.006 100
merge 43 2 0.006 100
quick 72 1 0.006 100
bubble 100 0 0.006 100
insertion 43 3 0.006 100
merge 46 2 0.006 100
quick 52 1 0.006 100
bubble 100 0 0.006 100
insertion 43 3 0.006 100
merge 52 2 0.006 100
quick 88 1 0.006 100
bubble 100 0 0.006 100
insertion 31 4 0.006 100
merge 45 2 0.006 100
quick 61 2 0.006 100
bubble 100 0 0.006 100
insertion 47 2 0.006 100
merge 46 2 0.006 100
quick 50 2 0.006 100
bubble 100 0 0.006 100
insertion 44 4 0.006 100
merge 79 1 0.006 100
quick 51 1 0.006 100
bubble 74 1 0.006 100
insertion 33 5 0.006 100
merge 50 2 0.006 100
quick 62 2 0.006 100
bubble 94 1 0.006 100
insertion 26 6 0.006 100
merge 45 2 0.006 100
quick 59 2 0.006 100
bubble 100 0 0.006 100
insertion 33 3 0.006 100
merge 47 2 0.006 100
quick 60 1 0.006 100
bubble 100 0 0.006 100
insertion 41 4 0.006 100
merge 50 2 0.006 100
quick 64 1 0.006 100
bubble 47 5 0.006 100
insertion 23 10 0.006 100
merge 51 3 0.006 100
quick 70 3 0.006 100
bubble 47 3 0.006 100
insertion 26 7 0.006 100
merge 53 2 0.006 100
quick 30 3 0.006 100
bubble 96 1 0.006 100
insertion 40 7 0.006 100
merge 38 3 0.006 100
quick 38 5 0.006 100
bubble 82 3 0.006 100
insertion 21 8 0.006 100
merge 56 3 0.006 100
quick 28 5 0.006 100
bubble 47 2 0.006 100
insertion 24 8 0.006 100
merge 39 3 0.006 100
quick 42 2 0.006 100
bubble 88 3 0.006 100
insertion 29 8 0.006 100
merge 47 3 0.006 100
quick 45 5 0.006 100
bubble 88 1 0.006 100
insertion 25 6 0.006 100
merge 60 3 0.006 100
quick 30 5 0.006 100
bubble 83 2 0.006 100
insertion 23 8 0.006 100
merge 36 3 0.006 100
quick 33 5 0.006 100
bubble 47 3 0.006 100
insertion 28 8 0.006 100
merge 51 2 0.006 100
quick 45 2 0.006 100
bubble 100 0 0.006 100
insertion 26 6 0.006 100
merge 54 2 0.006 100
quick 41 6 0.006 100
bubble 37 3 0.006 100
insertion 16 10 0.006 100
merge 46 3 0.006 100
quick 24 7 0.006 100
bubble 56 3 0.006 100
insertion 24 9 0.006 100
merge 41 3 0.006 100
quick 27 4 0.006 100
bubble 40 5 0.006 100
insertion 20 9 0.006 100
merge 39 3 0.006 100
quick 27 4 0.006 100
bubble 43 4 0.006 100
insertion 22 8 0.006 100
merge 41 3 0.006 100
quick 28 5 0.006 100
bubble 45 2 0.006 100
insertion 37 9 0.006 100
merge 47 3 0.006 100
quick 69 1 0.0012 100
bubble 72 1 0.0012 100
insertion 51 2 0.0012 100
merge 100 0 0.0012 100
quick 100 0 0.0012 100
bubble 72 1 0.0012 100
insertion 39 3 0.0012 100
merge 100 0 0.0012 100
quick 100 0 0.0012 100
bubble 51 2 0.0012 100
insertion 45 3 0.0012 100
merge 100 0 0.0012 100
quick 76 1 0.0012 100
bubble 100 0 0.0012 100
insertion 31 3 0.0012 100
merge 100 0 0.0012 100
quick 61 1 0.0012 100
bubble 72 1 0.0012 100
insertion 29 4 0.0012 100
merge 100 0 0.0012 100
quick 100 0 0.0012 100
bubble 100 0 0.0012 100
insertion 62 1 0.0012 100
merge 100 0 0.0012 100
quick 100 0 0.0012 100
bubble 85 1 0.0012 100
insertion 100 0 0.0012 100
merge 100 0 0.0012 100
quick 100 0 0.0012 100
bubble 85 1 0.0012 100
insertion 90 1 0.0012 100
merge 100 0 0.0012 100
quick 100 0 0.0012 100
bubble 100 0 0.0012 100
insertion 52 1 0.0012 100
merge 100 0 0.0012 100
quick 100 0 0.0012 100
bubble 100 0 0.0012 100
insertion 57 1 0.0012 100
merge 100 0 0.0012 100
quick 100 0 0.0012 100
bubble 85 1 0.0012 100
insertion 67 1 0.0012 100
merge 100 0 0.0012 100
quick 100 0 0.0012 100
bubble 100 0 0.0012 100
insertion 82 1 0.0012 100
merge 100 0 0.0012 100
quick 100 0 0.0012 100
bubble 85 1 0.0012 100
insertion 54 1 0.0012 100
merge 100 0 0.0012 100
quick 100 0 0.0012 100
bubble 100 0 0.0012 100
insertion 64 1 0.0012 100
merge 100 0 0.0012 100
quick 100 0 0.0012 100
bubble 85 1 0.0012 100
insertion 63 1 0.0012 100
merge 100 0 0.0012 100
quick 100 0 0.0012 100
bubble 100 0 0.0012 100
insertion 65 1 0.0012 100
merge 100 0 0.0012 100
quick 87 1 0.0012 100
bubble 100 0 0.0012 100
insertion 79 1 0.0012 100
merge 100 0 0.0012 100
quick 100 0 0.0012 100
bubble 100 0 0.0012 100
insertion 100 0 0.0012 100
merge 100 0 0.0012 100
quick 100 0 0.0012 100
bubble 100 0 0.0012 100
insertion 77 1 0.0012 100
merge 100 0 0.0012 100
quick 74 1 0.0012 100
bubble 100 0 0.0012 100
insertion 58 1 0.0012 100
merge 100 0 0.0012 100
quick 100 0 0.0012 100
bubble 100 0 0.0012 100
insertion 50 1 0.0012 100
merge 100 0 0.0012 100
quick 85 1 0.0012 100
bubble 100 0 0.0012 100
insertion 52 1 0.0012 100
merge 100 0 0.0012 100
quick 100 0 0.0012 100
bubble 100 0 0.0012 100
insertion 78 1 0.0012 100
merge 100 0 0.0012 100
quick 90 1 0.0012 100
bubble 100 0 0.0012 100
insertion 52 1 0.0012 100
merge 100 0 0.0012 100
quick 100 0 0.0012 100
bubble 74 1 0.0012 100
insertion 58 1 0.0012 100
merge 100 0 0.0012 100
quick 88 1 0.0012 100
bubble 100 0 0.0012 100
insertion 68 1 0.0012 100
merge 51 3 0.0012 100
quick 29 3 0.0012 100
bubble 100 0 0.0012 100
insertion 30 4 0.0012 100
merge 44 3 0.0012 100
quick 43 2 0.0012 100
bubble 100 0 0.0012 100
insertion 35 4 0.0012 100
merge 76 3 0.0012 100
quick 55 3 0.0012 100
bubble 100 0 0.0012 100
insertion 37 4 0.0012 100
merge 67 2 0.0012 100
quick 51 2 0.0012 100
bubble 100 0 0.0012 100
insertion 64 3 0.0012 100
merge 45 3 0.0012 100
quick 30 3 0.0012 100
bubble 100 0 0.0012 100
insertion 31 4 0.0012 100
merge 70 2 0.0012 100
quick 88 1 0.0012 100
bubble 100 0 0.0012 100
insertion 52 3 0.0012 100
merge 51 3 0.0012 100
quick 52 2 0.0012 100
bubble 96 1 0.0012 100
insertion 28 4 0.0012 100
merge 49 3 0.0012 100
quick 45 3 0.0012 100
bubble 100 0 0.0012 100
insertion 35 4 0.0012 100
merge 32 3 0.0012 100
quick 60 3 0.0012 100
bubble 100 0 0.0012 100
insertion 30 4 0.0012 100
merge 58 3 0.0012 100
quick 35 3 0.0012 100
bubble 100 0 0.0012 100
insertion 44 3 0.0012 100
merge 100 0 0.0012 100
quick 100 0 0.0012 100
bubble 100 0 0.0012 100
insertion 60 3 0.0012 100
merge 100 0 0.0012 100
quick 100 0 0.0012 100
bubble 100 0 0.0012 100
insertion 53 2 0.0012 100
merge 100 0 0.0012 100
quick 100 0 0.0012 100
bubble 100 0 0.0012 100
insertion 46 2 0.0012 100
merge 100 0 0.0012 100
quick 100 0 0.0012 100
bubble 100 0 0.0012 100
insertion 47 2 0.0012 100
merge 100 0 0.0012 100
quick 100 0 0.0012 100
bubble 100 0 0.0012 100
insertion 41 3 0.0012 100
merge 100 0 0.0012 100
quick 100 0 0.0012 100
bubble 100 0 0.0012 100
insertion 62 2 0.0012 100
merge 100 0 0.0012 100
quick 100 0 0.0012 100
bubble 68 1 0.0012 100
insertion 47 3 0.0012 100
merge 100 0 0.0012 100
quick 100 0 0.0012 100
bubble 100 0 0.0012 100
insertion 53 2 0.0012 100
merge 100 0 0.0012 100
quick 100 0 0.0012 100
bubble 100 0 0.0012 100
insertion 70 3 0.0012 100
merge 100 0 0.0012 100
quick 100 0 0.0012 100
bubble 87 1 0.0012 100
insertion 69 2 0.0012 100
merge 100 0 0.0012 100
quick 62 1 0.0012 100
bubble 100 0 0.0012 100
insertion 62 1 0.0012 100
merge 75 1 0.0012 100
quick 89 1 0.0012 100
bubble 100 0 0.0012 100
insertion 69 2 0.0012 100
merge 76 1 0.0012 100
quick 53 1 0.0012 100
bubble 100 0 0.0012 100
insertion 46 2 0.0012 100
merge 71 1 0.0012 100
quick 71 1 0.0012 100
bubble 100 0 0.0012 100
insertion 66 2 0.0012 100
merge 75 1 0.0012 100
quick 100 0 0.00024 100
bubble 100 0 0.00024 100
insertion 100 0 0.00024 100
merge 100 0 0.00024 100
quick 100 0 0.00024 100
bubble 100 0 0.00024 100
insertion 100 0 0.00024 100
merge 100 0 0.00024 100
quick 100 0 0.00024 100
bubble 100 0 0.00024 100
insertion 100 0 0.00024 100
merge 100 0 0.00024 100
quick 100 0 0.00024 100
bubble 100 0 0.00024 100
insertion 100 0 0.00024 100
merge 100 0 0.00024 100
quick 100 0 0.00024 100
bubble 100 0 0.00024 100
insertion 100 0 0.00024 100
merge 100 0 0.00024 100
quick 100 0 0.00024 100
bubble 100 0 0.00024 100
insertion 100 0 0.00024 100
merge 100 0 0.00024 100
quick 100 0 0.00024 100
bubble 100 0 0.00024 100
insertion 100 0 0.00024 100
merge 100 0 0.00024 100
quick 100 0 0.00024 100
bubble 100 0 0.00024 100
insertion 100 0 0.00024 100
merge 100 0 0.00024 100
quick 100 0 0.00024 100
bubble 100 0 0.00024 100
insertion 100 0 0.00024 100
merge 100 0 0.00024 100
quick 100 0 0.00024 100
bubble 100 0 0.00024 100
insertion 100 0 0.00024 100
merge 100 0 0.00024 100
quick 100 0 0.00024 100
bubble 100 0 0.00024 100
insertion 100 0 0.00024 100
merge 100 0 0.00024 100
quick 100 0 0.00024 100
bubble 100 0 0.00024 100
insertion 100 0 0.00024 100
merge 100 0 0.00024 100
quick 100 0 0.00024 100
bubble 100 0 0.00024 100
insertion 100 0 0.00024 100
merge 100 0 0.00024 100
quick 100 0 0.00024 100
bubble 100 0 0.00024 100
insertion 100 0 0.00024 100
merge 100 0 0.00024 100
quick 100 0 0.00024 100
bubble 100 0 0.00024 100
insertion 100 0 0.00024 100
merge 100 0 0.00024 100
quick 100 0 0.00024 100
bubble 100 0 0.00024 100
insertion 100 0 0.00024 100
merge 100 0 0.00024 100
quick 100 0 0.00024 100
bubble 100 0 0.00024 100
insertion 100 0 0.00024 100
merge 100 0 0.00024 100
quick 100 0 0.00024 100
bubble 100 0 0.00024 100
insertion 100 0 0.00024 100
merge 100 0 0.00024 100
quick 100 0 0.00024 100
bubble 100 0 0.00024 100
insertion 39 2 0.00024 100
merge 100 0 0.00024 100
quick 100 0 0.00024 100
bubble 100 0 0.00024 100
insertion 63 2 0.00024 100
merge 100 0 0.00024 100
quick 100 0 0.00024 100
bubble 100 0 0.00024 100
insertion 59 2 0.00024 100
merge 100 0 0.00024 100
quick 100 0 0.00024 100
bubble 100 0 0.00024 100
insertion 48 2 0.00024 100
merge 100 0 0.00024 100
quick 100 0 0.00024 100
bubble 100 0 0.00024 100
insertion 62 2 0.00024 100
merge 100 0 0.00024 100
quick 100 0 0.00024 100
bubble 100 0 0.00024 100
insertion 51 2 0.00024 100
merge 100 0 0.00024 100
quick 100 0 0.00024 100
bubble 100 0 0.00024 100
insertion 65 2 0.00024 100
merge 100 0 0.00024 100
quick 100 0 0.00024 100
bubble 100 0 0.00024 100
insertion 40 2 0.00024 100
merge 100 0 0.00024 100
quick 100 0 0.00024 100
bubble 100 0 0.00024 100
insertion 85 2 0.00024 100
merge 100 0 0.00024 100
quick 100 0 0.00024 100
bubble 100 0 0.00024 100
insertion 42 2 0.00024 100
merge 100 0 0.00024 100
quick 100 0 0.00024 100
bubble 100 0 0.00024 100
insertion 94 1 0.00024 100
merge 100 0 0.00024 100
quick 100 0 0.00024 100
bubble 100 0 0.00024 100
insertion 54 1 0.00024 100
merge 100 0 0.00024 100
quick 100 0 0.00024 100
bubble 100 0 0.00024 100
insertion 53 2 0.00024 100
merge 100 0 0.00024 100
quick 76 1 0.00024 100
bubble 100 0 0.00024 100
insertion 44 2 0.00024 100
merge 100 0 0.00024 100
quick 100 0 0.00024 100
bubble 100 0 0.00024 100
insertion 38 2 0.00024 100
merge 100 0 0.00024 100
quick 100 0 0.00024 100
bubble 100 0 0.00024 100
insertion 46 2 0.00024 100
merge 100 0 0.00024 100
quick 88 1 0.00024 100
bubble 100 0 0.00024 100
insertion 63 2 0.00024 100
merge 100 0 0.00024 100
quick 100 0 0.00024 100
bubble 100 0 0.00024 100
insertion 62 2 0.00024 100
merge 100 0 0.00024 100
quick 100 0 0.00024 100
bubble 100 0 0.00024 100
insertion 41 2 0.00024 100
merge 100 0 0.00024 100
quick 100 0 0.00024 100
bubble 100 0 0.00024 100
insertion 43 2 0.00024 100
merge 100 0 0.00024 100
quick 100 0 0.00024 100
bubble 100 0 0.00024 100
insertion 100 0 0.00024 100
merge 100 0 0.00024 100
quick 100 0 0.00024 100
bubble 100 0 0.00024 100
insertion 100 0 0.00024 100
merge 100 0 0.00024 100
quick 100 0 0.00024 100
bubble 100 0 0.00024 100
insertion 100 0 0.00024 100
merge 100 0 0.00024 100
quick 100 0 0.00024 100
bubble 100 0 0.00024 100
insertion 100 0 0.00024 100
merge 100 0 0.00024 100
quick 100 0 0.00024 100
bubble 100 0 0.00024 100
insertion 100 0 0.00024 100
merge 100 0 0.00024 100
quick 100 0 0.00024 100
bubble 100 0 0.00024 100
insertion 100 0 0.00024 100
merge 100 0 0.00024 100
quick 100 0 0.00024 100
bubble 100 0 0.00024 100
insertion 100 0 0.00024 100
merge 100 0 0.00024 100
quick 100 0 0.00024 100
bubble 100 0 0.00024 100
insertion 100 0 0.00024 100
merge 100 0 0.00024 100
quick 100 0 0.00024 100
bubble 100 0 0.00024 100
insertion 100 0 0.00024 100
merge 100 0 0.00024 100
quick 100 0 0.00024 100
bubble 100 0 0.00024 100
insertion 100 0 0.00024 100
merge 100 0 0.00024 100
quick 100 0 0.00024 100
bubble 100 0 0.00024 100
insertion 100 0 0.00024 100
merge 100 0 0.00024 100
quick 100 0 0.00024 100
bubble 100 0 0.00024 100
insertion 100 0 0.00024 100
merge 100 0 0.00024 100
