ALGORITHM LLS ERRORS PROBABILITY SIZE
quick 38 6 0.01 100
bubble 30 6 0.01 100
insertion 19 10 0.01 100
merge 30 6 0.01 100
quick 34 5 0.01 100
bubble 37 5 0.01 100
insertion 18 9 0.01 100
merge 27 5 0.01 100
quick 32 6 0.01 100
bubble 78 2 0.01 100
insertion 18 9 0.01 100
merge 43 4 0.01 100
quick 26 7 0.01 100
bubble 30 6 0.01 100
insertion 20 12 0.01 100
merge 27 5 0.01 100
quick 28 6 0.01 100
bubble 30 4 0.01 100
insertion 15 11 0.01 100
merge 31 5 0.01 100
quick 37 6 0.01 100
bubble 49 5 0.01 100
insertion 23 10 0.01 100
merge 44 4 0.01 100
quick 27 7 0.01 100
bubble 49 3 0.01 100
insertion 22 10 0.01 100
merge 39 5 0.01 100
quick 34 7 0.01 100
bubble 30 5 0.01 100
insertion 16 12 0.01 100
merge 42 4 0.01 100
quick 36 6 0.01 100
bubble 65 4 0.01 100
insertion 19 14 0.01 100
merge 49 6 0.01 100
quick 38 5 0.01 100
bubble 65 3 0.01 100
insertion 19 14 0.01 100
merge 44 5 0.01 100
quick 30 5 0.01 100
bubble 65 6 0.01 100
insertion 13 12 0.01 100
merge 40 4 0.01 100
quick 34 5 0.01 100
bubble 65 5 0.01 100
insertion 23 12 0.01 100
merge 41 7 0.01 100
quick 46 5 0.01 100
bubble 46 5 0.01 100
insertion 13 12 0.01 100
merge 33 7 0.01 100
quick 32 6 0.01 100
bubble 46 5 0.01 100
insertion 12 16 0.01 100
merge 29 6 0.01 100
quick 27 7 0.01 100
bubble 46 6 0.01 100
insertion 25 16 0.01 100
merge 31 4 0.01 100
quick 41 6 0.01 100
bubble 46 4 0.01 100
insertion 18 14 0.01 100
merge 37 4 0.01 100
quick 45 6 0.01 100
bubble 46 5 0.01 100
insertion 18 15 0.01 100
merge 33 5 0.01 100
quick 30 4 0.01 100
bubble 63 2 0.01 100
insertion 25 10 0.01 100
merge 20 6 0.01 100
quick 37 5 0.01 100
bubble 63 2 0.01 100
insertion 15 11 0.01 100
merge 26 6 0.01 100
quick 25 8 0.01 100
bubble 63 2 0.01 100
insertion 17 8 0.01 100
merge 33 6 0.01 100
quick 48 4 0.01 100
bubble 97 2 0.01 100
insertion 23 9 0.01 100
merge 29 5 0.01 100
quick 35 5 0.01 100
bubble 97 1 0.01 100
insertion 19 8 0.01 100
merge 27 6 0.01 100
quick 34 8 0.01 100
bubble 97 2 0.01 100
insertion 16 13 0.01 100
merge 31 6 0.01 100
quick 38 6 0.01 100
bubble 63 2 0.01 100
insertion 23 9 0.01 100
merge 29 6 0.01 100
quick 28 5 0.01 100
bubble 81 2 0.01 100
insertion 17 11 0.01 100
merge 28 6 0.01 100
quick 25 7 0.01 100
bubble 95 3 0.01 100
insertion 17 9 0.01 100
merge 30 5 0.01 100
quick 27 7 0.01 100
bubble 77 2 0.01 100
insertion 24 10 0.01 100
merge 52 4 0.01 100
quick 36 4 0.01 100
bubble 61 3 0.01 100
insertion 26 12 0.01 100
merge 63 3 0.01 100
quick 31 4 0.01 100
bubble 55 4 0.01 100
insertion 27 12 0.01 100
merge 34 4 0.01 100
quick 41 4 0.01 100
bubble 95 1 0.01 100
insertion 25 11 0.01 100
merge 51 3 0.01 100
quick 34 4 0.01 100
bubble 77 3 0.01 100
insertion 13 14 0.01 100
merge 34 4 0.01 100
quick 44 4 0.01 100
bubble 46 4 0.01 100
insertion 21 9 0.01 100
merge 53 3 0.01 100
quick 28 4 0.01 100
bubble 37 5 0.01 100
insertion 19 14 0.01 100
merge 60 3 0.01 100
quick 39 4 0.01 100
bubble 95 1 0.01 100
insertion 18 14 0.01 100
merge 54 4 0.01 100
quick 57 3 0.01 100
bubble 40 5 0.01 100
insertion 24 11 0.01 100
merge 53 4 0.01 100
quick 42 4 0.01 100
bubble 95 1 0.01 100
insertion 22 10 0.01 100
merge 43 2 0.01 100
quick 29 5 0.01 100
bubble 87 2 0.01 100
insertion 26 10 0.01 100
merge 47 4 0.01 100
quick 32 4 0.01 100
bubble 100 0 0.01 100
insertion 22 11 0.01 100
merge 38 4 0.01 100
quick 37 7 0.01 100
bubble 87 1 0.01 100
insertion 19 10 0.01 100
merge 44 4 0.01 100
quick 41 3 0.01 100
bubble 87 4 0.01 100
insertion 11 16 0.01 100
merge 45 4 0.01 100
quick 26 8 0.01 100
bubble 87 2 0.01 100
insertion 19 11 0.01 100
merge 75 2 0.01 100
quick 36 7 0.01 100
bubble 77 4 0.01 100
insertion 21 14 0.01 100
merge 42 4 0.01 100
quick 29 6 0.01 100
bubble 77 5 0.01 100
insertion 21 11 0.01 100
merge 46 4 0.01 100
quick 28 4 0.01 100
bubble 87 2 0.01 100
insertion 22 8 0.01 100
merge 39 4 0.01 100
quick 26 8 0.01 100
bubble 87 2 0.01 100
insertion 20 14 0.01 100
merge 42 4 0.01 100
quick 38 6 0.01 100
bubble 93 1 0.01 100
insertion 14 10 0.01 100
merge 41 5 0.01 100
quick 22 8 0.01 100
bubble 99 1 0.01 100
insertion 19 12 0.01 100
merge 21 8 0.01 100
quick 24 7 0.01 100
bubble 90 2 0.01 100
insertion 18 12 0.01 100
merge 27 8 0.01 100
quick 35 5 0.01 100
bubble 100 0 0.01 100
insertion 17 13 0.01 100
merge 25 6 0.01 100
quick 21 6 0.01 100
bubble 90 3 0.01 100
insertion 25 11 0.01 100
merge 23 7 0.01 100
quick 30 10 0.01 100
bubble 99 1 0.01 100
insertion 22 13 0.01 100
merge 22 6 0.01 100
quick 20 8 0.01 100
bubble 99 1 0.01 100
insertion 31 11 0.01 100
merge 18 8 0.01 100
quick 33 5 0.01 100
bubble 93 2 0.01 100
insertion 17 11 0.01 100
merge 39 6 0.01 100
quick 25 7 0.01 100
bubble 99 1 0.01 100
insertion 15 9 0.01 100
merge 33 7 0.01 100
quick 30 5 0.01 100
bubble 99 1 0.01 100
insertion 20 14 0.01 100
merge 32 6 0.01 100
quick 27 9 0.01 100
bubble 99 1 0.01 100
insertion 23 12 0.01 100
merge 26 6 0.01 100
quick 27 6 0.01 100
bubble 33 5 0.01 100
insertion 13 12 0.01 100
merge 23 5 0.01 100
quick 35 5 0.01 100
bubble 41 6 0.01 100
insertion 15 14 0.01 100
merge 30 5 0.01 100
quick 28 8 0.01 100
bubble 74 8 0.01 100
insertion 16 11 0.01 100
merge 41 6 0.01 100
quick 25 8 0.01 100
bubble 74 2 0.01 100
insertion 14 12 0.01 100
merge 36 7 0.01 100
quick 24 8 0.01 100
bubble 45 8 0.01 100
insertion 12 17 0.01 100
merge 27 6 0.01 100
quick 25 5 0.01 100
bubble 90 1 0.01 100
insertion 12 15 0.01 100
merge 24 7 0.01 100
quick 30 5 0.01 100
bubble 74 5 0.01 100
insertion 16 12 0.01 100
merge 33 5 0.01 100
quick 31 8 0.01 100
bubble 45 6 0.01 100
insertion 15 13 0.01 100
merge 37 5 0.01 100
quick 26 7 0.01 100
bubble 41 6 0.01 100
insertion 14 15 0.01 100
merge 41 5 0.01 100
quick 35 6 0.01 100
bubble 41 7 0.01 100
insertion 18 13 0.01 100
merge 41 5 0.01 100
quick 26 7 0.01 100
bubble 53 6 0.01 100
insertion 17 14 0.01 100
merge 36 6 0.01 100
quick 22 9 0.01 100
bubble 53 6 0.01 100
insertion 22 10 0.01 100
merge 29 7 0.01 100
quick 24 9 0.01 100
bubble 79 2 0.01 100
insertion 17 14 0.01 100
merge 28 6 0.01 100
quick 31 6 0.01 100
bubble 53 5 0.01 100
insertion 15 15 0.01 100
merge 28 7 0.01 100
quick 34 8 0.01 100
bubble 53 6 0.01 100
insertion 22 10 0.01 100
merge 39 7 0.01 100
quick 25 8 0.01 100
bubble 83 2 0.01 100
insertion 12 14 0.01 100
merge 27 7 0.01 100
quick 17 8 0.01 100
bubble 79 3 0.01 100
insertion 30 10 0.01 100
merge 48 7 0.01 100
quick 32 11 0.01 100
bubble 53 6 0.01 100
insertion 20 12 0.01 100
merge 35 7 0.01 100
quick 28 9 0.01 100
bubble 53 4 0.01 100
insertion 12 15 0.01 100
merge 28 7 0.01 100
quick 33 7 0.01 100
bubble 53 5 0.01 100
insertion 15 11 0.01 100
merge 49 7 0.01 100
quick 34 3 0.01 100
bubble 99 1 0.01 100
insertion 28 7 0.01 100
merge 58 3 0.01 100
quick 58 3 0.01 100
bubble 61 4 0.01 100
insertion 35 8 0.01 100
merge 37 3 0.01 100
quick 40 2 0.01 100
bubble 70 5 0.01 100
insertion 21 8 0.01 100
merge 41 3 0.01 100
quick 31 4 0.01 100
bubble 61 3 0.01 100
insertion 29 6 0.01 100
merge 54 3 0.01 100
quick 33 5 0.01 100
bubble 78 3 0.01 100
insertion 28 7 0.01 100
merge 31 3 0.01 100
quick 58 3 0.01 100
bubble 99 1 0.01 100
insertion 21 11 0.01 100
merge 33 3 0.01 100
quick 48 3 0.01 100
bubble 81 3 0.01 100
insertion 17 8 0.01 100
merge 70 3 0.01 100
quick 53 2 0.01 100
bubble 81 2 0.01 100
insertion 24 7 0.01 100
merge 41 3 0.01 100
quick 81 2 0.01 100
bubble 84 3 0.01 100
insertion 40 7 0.01 100
merge 34 3 0.01 100
quick 44 3 0.01 100
bubble 53 5 0.01 100
insertion 21 7 0.01 100
merge 37 2 0.01 100
quick 59 5 0.01 100
bubble 76 3 0.01 100
insertion 21 9 0.01 100
merge 42 3 0.01 100
quick 41 4 0.01 100
bubble 100 0 0.01 100
insertion 16 13 0.01 100
merge 42 3 0.01 100
quick 59 4 0.01 100
bubble 100 0 0.01 100
insertion 23 10 0.01 100
merge 56 3 0.01 100
quick 27 3 0.01 100
bubble 90 2 0.01 100
insertion 21 13 0.01 100
merge 48 3 0.01 100
quick 63 3 0.01 100
bubble 76 2 0.01 100
insertion 15 13 0.01 100
merge 83 2 0.01 100
quick 50 3 0.01 100
bubble 90 2 0.01 100
insertion 20 11 0.01 100
merge 49 3 0.01 100
quick 44 4 0.01 100
bubble 90 2 0.01 100
insertion 15 14 0.01 100
merge 41 3 0.01 100
quick 77 3 0.01 100
bubble 90 2 0.01 100
insertion 22 11 0.01 100
merge 34 3 0.01 100
quick 56 6 0.01 100
bubble 90 2 0.01 100
insertion 24 11 0.01 100
merge 75 2 0.01 100
quick 53 4 0.01 100
bubble 85 3 0.01 100
insertion 17 10 0.01 100
merge 32 4 0.01 100
quick 26 7 0.01 100
bubble 100 0 0.01 100
insertion 21 11 0.01 100
merge 23 5 0.01 100
quick 28 9 0.01 100
bubble 95 1 0.01 100
insertion 33 10 0.01 100
merge 37 4 0.01 100
quick 24 8 0.01 100
bubble 95 2 0.01 100
insertion 18 11 0.01 100
merge 52 3 0.01 100
quick 28 9 0.01 100
bubble 85 3 0.01 100
insertion 31 8 0.01 100
merge 29 6 0.01 100
quick 7 35 0.15 100
bubble 13 23 0.15 100
insertion 7 35 0.15 100
merge 10 28 0.15 100
quick 8 32 0.15 100
bubble 17 20 0.15 100
insertion 7 37 0.15 100
merge 10 30 0.15 100
quick 6 34 0.15 100
bubble 17 22 0.15 100
insertion 7 36 0.15 100
merge 9 30 0.15 100
quick 9 30 0.15 100
bubble 17 23 0.15 100
insertion 7 37 0.15 100
merge 10 28 0.15 100
quick 7 34 0.15 100
bubble 13 24 0.15 100
insertion 9 37 0.15 100
merge 8 30 0.15 100
quick 7 32 0.15 100
bubble 12 24 0.15 100
insertion 7 32 0.15 100
merge 6 36 0.15 100
quick 8 34 0.15 100
bubble 13 23 0.15 100
insertion 8 29 0.15 100
merge 6 36 0.15 100
quick 9 32 0.15 100
bubble 16 23 0.15 100
insertion 9 26 0.15 100
merge 6 34 0.15 100
quick 11 33 0.15 100
bubble 13 23 0.15 100
insertion 8 32 0.15 100
merge 9 29 0.15 100
quick 7 36 0.15 100
bubble 16 23 0.15 100
insertion 8 30 0.15 100
merge 8 33 0.15 100
quick 9 28 0.15 100
bubble 20 19 0.15 100
insertion 9 32 0.15 100
merge 8 30 0.15 100
quick 9 32 0.15 100
bubble 12 24 0.15 100
insertion 7 28 0.15 100
merge 10 35 0.15 100
quick 8 31 0.15 100
bubble 12 21 0.15 100
insertion 7 27 0.15 100
merge 8 35 0.15 100
quick 6 36 0.15 100
bubble 13 25 0.15 100
insertion 8 36 0.15 100
merge 8 28 0.15 100
quick 10 28 0.15 100
bubble 12 26 0.15 100
insertion 7 31 0.15 100
merge 6 33 0.15 100
quick 12 29 0.15 100
bubble 16 23 0.15 100
insertion 7 33 0.15 100
merge 8 33 0.15 100
quick 7 38 0.15 100
bubble 12 25 0.15 100
insertion 6 33 0.15 100
merge 7 33 0.15 100
quick 7 33 0.15 100
bubble 16 25 0.15 100
insertion 7 35 0.15 100
merge 10 25 0.15 100
quick 9 26 0.15 100
bubble 12 22 0.15 100
insertion 7 30 0.15 100
merge 6 36 0.15 100
quick 6 38 0.15 100
bubble 12 27 0.15 100
insertion 9 29 0.15 100
merge 7 38 0.15 100
quick 10 29 0.15 100
bubble 16 20 0.15 100
insertion 9 33 0.15 100
merge 7 33 0.15 100
quick 7 34 0.15 100
bubble 10 28 0.15 100
insertion 8 33 0.15 100
merge 7 31 0.15 100
quick 7 30 0.15 100
bubble 12 26 0.15 100
insertion 9 30 0.15 100
merge 10 32 0.15 100
quick 9 30 0.15 100
bubble 16 24 0.15 100
insertion 6 33 0.15 100
merge 6 37 0.15 100
quick 8 31 0.15 100
bubble 10 26 0.15 100
insertion 8 31 0.15 100
merge 9 30 0.15 100
quick 10 29 0.15 100
bubble 13 24 0.15 100
insertion 10 30 0.15 100
merge 6 35 0.15 100
quick 8 28 0.15 100
bubble 10 27 0.15 100
insertion 7 29 0.15 100
merge 9 33 0.15 100
quick 7 36 0.15 100
bubble 10 25 0.15 100
insertion 8 34 0.15 100
merge 9 27 0.15 100
quick 7 29 0.15 100
bubble 10 25 0.15 100
insertion 10 30 0.15 100
merge 7 35 0.15 100
quick 9 29 0.15 100
bubble 12 24 0.15 100
insertion 7 33 0.15 100
merge 11 32 0.15 100
quick 11 27 0.15 100
bubble 10 25 0.15 100
insertion 10 30 0.15 100
merge 11 28 0.15 100
quick 9 29 0.15 100
bubble 13 24 0.15 100
insertion 5 37 0.15 100
merge 7 37 0.15 100
quick 9 29 0.15 100
bubble 13 23 0.15 100
insertion 8 33 0.15 100
merge 7 33 0.15 100
quick 6 33 0.15 100
bubble 14 23 0.15 100
insertion 8 31 0.15 100
merge 6 35 0.15 100
quick 12 34 0.15 100
bubble 32 20 0.15 100
insertion 11 30 0.15 100
merge 6 37 0.15 100
quick 9 33 0.15 100
bubble 30 21 0.15 100
insertion 8 32 0.15 100
merge 8 35 0.15 100
quick 10 30 0.15 100
bubble 14 25 0.15 100
insertion 9 28 0.15 100
merge 7 35 0.15 100
quick 7 35 0.15 100
bubble 30 23 0.15 100
insertion 6 38 0.15 100
merge 7 32 0.15 100
quick 7 32 0.15 100
bubble 30 24 0.15 100
insertion 6 37 0.15 100
merge 7 37 0.15 100
quick 11 30 0.15 100
bubble 30 23 0.15 100
insertion 10 31 0.15 100
merge 6 36 0.15 100
quick 7 36 0.15 100
bubble 30 23 0.15 100
insertion 8 34 0.15 100
merge 7 34 0.15 100
quick 7 31 0.15 100
bubble 30 21 0.15 100
insertion 9 32 0.15 100
merge 7 33 0.15 100
quick 9 34 0.15 100
bubble 28 26 0.15 100
insertion 8 30 0.15 100
merge 7 29 0.15 100
quick 10 29 0.15 100
bubble 30 23 0.15 100
insertion 5 37 0.15 100
merge 9 37 0.15 100
quick 9 28 0.15 100
bubble 24 19 0.15 100
insertion 9 29 0.15 100
merge 8 28 0.15 100
quick 7 24 0.15 100
bubble 21 23 0.15 100
insertion 7 34 0.15 100
merge 10 30 0.15 100
quick 7 31 0.15 100
bubble 16 26 0.15 100
insertion 8 30 0.15 100
merge 7 34 0.15 100
quick 8 31 0.15 100
bubble 20 25 0.15 100
insertion 9 36 0.15 100
merge 9 33 0.15 100
quick 8 31 0.15 100
bubble 16 25 0.15 100
insertion 6 33 0.15 100
merge 10 30 0.15 100
quick 7 28 0.15 100
bubble 20 26 0.15 100
insertion 10 32 0.15 100
merge 8 31 0.15 100
quick 16 12 0.03 100
bubble 50 5 0.03 100
insertion 11 21 0.03 100
merge 31 10 0.03 100
quick 16 12 0.03 100
bubble 38 6 0.03 100
insertion 18 14 0.03 100
merge 33 8 0.03 100
quick 48 5 0.03 100
bubble 66 5 0.03 100
insertion 12 20 0.03 100
merge 33 8 0.03 100
quick 25 11 0.03 100
bubble 50 5 0.03 100
insertion 12 18 0.03 100
merge 31 8 0.03 100
quick 15 14 0.03 100
bubble 44 7 0.03 100
insertion 15 18 0.03 100
merge 14 16 0.03 100
quick 18 14 0.03 100
bubble 83 2 0.03 100
insertion 14 17 0.03 100
merge 17 14 0.03 100
quick 21 14 0.03 100
bubble 30 7 0.03 100
insertion 12 23 0.03 100
merge 16 15 0.03 100
quick 17 14 0.03 100
bubble 83 3 0.03 100
insertion 14 17 0.03 100
merge 12 13 0.03 100
quick 10 18 0.03 100
bubble 50 6 0.03 100
insertion 13 21 0.03 100
merge 23 13 0.03 100
quick 34 14 0.03 100
bubble 30 6 0.03 100
insertion 12 19 0.03 100
merge 14 18 0.03 100
quick 22 13 0.03 100
bubble 83 3 0.03 100
insertion 14 22 0.03 100
merge 24 14 0.03 100
quick 24 9 0.03 100
bubble 30 7 0.03 100
insertion 12 23 0.03 100
merge 13 15 0.03 100
quick 23 11 0.03 100
bubble 44 7 0.03 100
insertion 13 22 0.03 100
merge 22 15 0.03 100
quick 23 13 0.03 100
bubble 41 6 0.03 100
insertion 9 22 0.03 100
merge 12 16 0.03 100
quick 26 9 0.03 100
bubble 69 9 0.03 100
insertion 11 20 0.03 100
merge 26 13 0.03 100
quick 19 11 0.03 100
bubble 56 5 0.03 100
insertion 16 16 0.03 100
merge 17 13 0.03 100
quick 23 12 0.03 100
bubble 26 10 0.03 100
insertion 14 18 0.03 100
merge 34 12 0.03 100
quick 17 13 0.03 100
bubble 59 6 0.03 100
insertion 15 17 0.03 100
merge 24 12 0.03 100
quick 17 15 0.03 100
bubble 69 5 0.03 100
insertion 14 14 0.03 100
merge 19 10 0.03 100
quick 15 12 0.03 100
bubble 69 5 0.03 100
insertion 10 15 0.03 100
merge 35 9 0.03 100
quick 22 11 0.03 100
bubble 39 9 0.03 100
insertion 12 24 0.03 100
merge 19 11 0.03 100
quick 28 8 0.03 100
bubble 59 5 0.03 100
insertion 17 15 0.03 100
merge 40 8 0.03 100
quick 16 14 0.03 100
bubble 69 5 0.03 100
insertion 15 18 0.03 100
merge 17 10 0.03 100
quick 18 13 0.03 100
bubble 63 8 0.03 100
insertion 10 19 0.03 100
merge 38 14 0.03 100
quick 14 18 0.03 100
bubble 62 9 0.03 100
insertion 9 21 0.03 100
merge 15 18 0.03 100
quick 19 13 0.03 100
bubble 56 9 0.03 100
insertion 9 20 0.03 100
merge 16 18 0.03 100
quick 21 17 0.03 100
bubble 56 9 0.03 100
insertion 10 25 0.03 100
merge 9 21 0.03 100
quick 19 17 0.03 100
bubble 62 5 0.03 100
insertion 10 21 0.03 100
merge 15 15 0.03 100
quick 14 15 0.03 100
bubble 55 10 0.03 100
insertion 14 25 0.03 100
merge 16 17 0.03 100
quick 14 11 0.03 100
bubble 56 10 0.03 100
insertion 10 21 0.03 100
merge 14 16 0.03 100
quick 20 12 0.03 100
bubble 62 7 0.03 100
insertion 12 19 0.03 100
merge 14 19 0.03 100
quick 19 14 0.03 100
bubble 56 8 0.03 100
insertion 12 21 0.03 100
merge 14 15 0.03 100
quick 17 16 0.03 100
bubble 56 10 0.03 100
insertion 10 23 0.03 100
merge 12 17 0.03 100
quick 15 16 0.03 100
bubble 56 9 0.03 100
insertion 17 21 0.03 100
merge 17 12 0.03 100
quick 19 13 0.03 100
bubble 29 11 0.03 100
insertion 13 19 0.03 100
merge 19 16 0.03 100
quick 18 14 0.03 100
bubble 28 10 0.03 100
insertion 10 20 0.03 100
merge 22 13 0.03 100
quick 16 14 0.03 100
bubble 24 8 0.03 100
insertion 15 22 0.03 100
merge 15 17 0.03 100
quick 22 13 0.03 100
bubble 29 7 0.03 100
insertion 11 24 0.03 100
merge 16 15 0.03 100
quick 21 13 0.03 100
bubble 22 11 0.03 100
insertion 10 19 0.03 100
merge 19 12 0.03 100
quick 20 13 0.03 100
bubble 32 6 0.03 100
insertion 16 24 0.03 100
merge 13 17 0.03 100
quick 17 13 0.03 100
bubble 40 5 0.03 100
insertion 14 19 0.03 100
merge 24 10 0.03 100
quick 18 16 0.03 100
bubble 28 7 0.03 100
insertion 13 19 0.03 100
merge 16 15 0.03 100
quick 17 11 0.03 100
bubble 24 8 0.03 100
insertion 9 21 0.03 100
merge 19 16 0.03 100
quick 23 10 0.03 100
bubble 34 10 0.03 100
insertion 17 18 0.03 100
merge 19 10 0.03 100
quick 14 14 0.03 100
bubble 53 11 0.03 100
insertion 16 17 0.03 100
merge 20 9 0.03 100
quick 17 10 0.03 100
bubble 53 9 0.03 100
insertion 17 13 0.03 100
merge 23 9 0.03 100
quick 21 12 0.03 100
bubble 53 8 0.03 100
insertion 9 17 0.03 100
merge 30 11 0.03 100
quick 27 10 0.03 100
bubble 34 11 0.03 100
insertion 17 14 0.03 100
merge 21 11 0.03 100
quick 24 11 0.03 100
bubble 34 10 0.03 100
insertion 10 19 0.03 100
merge 29 10 0.03 100
quick 22 11 0.03 100
bubble 70 6 0.03 100
insertion 19 14 0.03 100
merge 21 10 0.03 100
quick 38 3 0.006 100
bubble 95 1 0.006 100
insertion 28 9 0.006 100
merge 52 4 0.006 100
quick 37 3 0.006 100
bubble 56 4 0.006 100
insertion 20 8 0.006 100
merge 38 4 0.006 100
quick 46 3 0.006 100
bubble 95 2 0.006 100
insertion 42 6 0.006 100
merge 55 4 0.006 100
quick 42 4 0.006 100
bubble 67 1 0.006 100
insertion 24 7 0.006 100
merge 37 4 0.006 100
quick 49 5 0.006 100
bubble 50 4 0.006 100
insertion 16 10 0.006 100
merge 37 3 0.006 100
quick 42 2 0.006 100
bubble 67 1 0.006 100
insertion 22 10 0.006 100
merge 39 4 0.006 100
quick 33 5 0.006 100
bubble 50 3 0.006 100
insertion 26 8 0.006 100
merge 46 4 0.006 100
quick 35 4 0.006 100
bubble 50 3 0.006 100
insertion 22 9 0.006 100
merge 46 4 0.006 100
quick 33 5 0.006 100
bubble 67 1 0.006 100
insertion 19 11 0.006 100
merge 78 2 0.006 100
quick 31 5 0.006 100
bubble 83 2 0.006 100
insertion 22 8 0.006 100
merge 71 3 0.006 100
quick 32 3 0.006 100
bubble 94 1 0.006 100
insertion 27 7 0.006 100
merge 42 4 0.006 100
quick 41 3 0.006 100
bubble 61 2 0.006 100
insertion 23 8 0.006 100
merge 37 3 0.006 100
quick 26 5 0.006 100
bubble 50 4 0.006 100
insertion 27 7 0.006 100
merge 52 3 0.006 100
quick 57 3 0.006 100
bubble 65 1 0.006 100
insertion 41 5 0.006 100
merge 55 1 0.006 100
quick 63 3 0.006 100
bubble 100 0 0.006 100
insertion 29 5 0.006 100
merge 55 1 0.006 100
quick 71 2 0.006 100
bubble 65 2 0.006 100
insertion 38 4 0.006 100
merge 55 1 0.006 100
quick 41 2 0.006 100
bubble 65 1 0.006 100
insertion 32 5 0.006 100
merge 100 0 0.006 100
quick 65 2 0.006 100
bubble 65 1 0.006 100
insertion 40 6 0.006 100
merge 55 1 0.006 100
quick 82 3 0.006 100
bubble 65 1 0.006 100
insertion 32 5 0.006 100
merge 100 0 0.006 100
quick 49 4 0.006 100
bubble 65 1 0.006 100
insertion 43 5 0.006 100
merge 55 1 0.006 100
quick 35 3 0.006 100
bubble 65 1 0.006 100
insertion 29 5 0.006 100
merge 55 1 0.006 100
quick 54 2 0.006 100
bubble 65 1 0.006 100
insertion 39 6 0.006 100
merge 55 1 0.006 100
quick 61 2 0.006 100
bubble 100 0 0.006 100
insertion 21 9 0.006 100
merge 37 4 0.006 100
quick 38 4 0.006 100
bubble 97 1 0.006 100
insertion 30 9 0.006 100
merge 83 2 0.006 100
quick 31 5 0.006 100
bubble 97 1 0.006 100
insertion 25 9 0.006 100
merge 38 4 0.006 100
quick 52 3 0.006 100
bubble 97 1 0.006 100
insertion 33 7 0.006 100
merge 32 4 0.006 100
quick 37 5 0.006 100
bubble 95 2 0.006 100
insertion 18 9 0.006 100
merge 34 4 0.006 100
quick 59 3 0.006 100
bubble 97 1 0.006 100
insertion 25 9 0.006 100
merge 36 4 0.006 100
quick 42 3 0.006 100
bubble 72 2 0.006 100
insertion 20 9 0.006 100
merge 36 4 0.006 100
quick 32 3 0.006 100
bubble 97 1 0.006 100
insertion 24 9 0.006 100
merge 55 2 0.006 100
quick 39 4 0.006 100
bubble 93 2 0.006 100
insertion 17 15 0.006 100
merge 34 3 0.006 100
quick 35 4 0.006 100
bubble 97 1 0.006 100
insertion 23 9 0.006 100
merge 36 4 0.006 100
quick 57 2 0.006 100
bubble 97 1 0.006 100
insertion 32 6 0.006 100
merge 38 5 0.006 100
quick 34 3 0.006 100
bubble 94 1 0.006 100
insertion 30 7 0.006 100
merge 30 5 0.006 100
quick 28 5 0.006 100
bubble 100 0 0.006 100
insertion 34 7 0.006 100
merge 48 5 0.006 100
quick 40 4 0.006 100
bubble 78 2 0.006 100
insertion 20 7 0.006 100
merge 39 3 0.006 100
quick 41 5 0.006 100
bubble 78 4 0.006 100
insertion 20 7 0.006 100
merge 29 5 0.006 100
quick 27 5 0.006 100
bubble 50 2 0.006 100
insertion 20 8 0.006 100
merge 50 3 0.006 100
quick 29 4 0.006 100
bubble 78 4 0.006 100
insertion 17 8 0.006 100
merge 43 5 0.006 100
quick 32 5 0.006 100
bubble 100 0 0.006 100
insertion 22 7 0.006 100
merge 37 4 0.006 100
quick 80 3 0.006 100
bubble 100 0 0.006 100
insertion 28 8 0.006 100
merge 36 4 0.006 100
quick 34 6 0.006 100
bubble 78 2 0.006 100
insertion 18 9 0.006 100
merge 31 4 0.006 100
quick 40 4 0.006 100
bubble 75 3 0.006 100
insertion 29 10 0.006 100
merge 100 0 0.006 100
quick 58 2 0.006 100
bubble 75 2 0.006 100
insertion 27 7 0.006 100
merge 100 0 0.006 100
quick 84 2 0.006 100
bubble 75 3 0.006 100
insertion 36 6 0.006 100
merge 77 1 0.006 100
quick 83 1 0.006 100
bubble 75 2 0.006 100
insertion 30 10 0.006 100
merge 94 1 0.006 100
quick 69 2 0.006 100
bubble 75 3 0.006 100
insertion 42 5 0.006 100
merge 76 1 0.006 100
quick 50 2 0.006 100
bubble 75 3 0.006 100
insertion 42 7 0.006 100
merge 83 1 0.006 100
quick 75 2 0.006 100
bubble 75 4 0.006 100
insertion 40 5 0.006 100
merge 97 1 0.006 100
quick 49 2 0.006 100
bubble 75 2 0.006 100
insertion 27 8 0.006 100
merge 100 0 0.006 100
quick 100 0 0.0012 100
bubble 99 1 0.0012 100
insertion 26 4 0.0012 100
merge 100 0 0.0012 100
quick 94 1 0.0012 100
bubble 99 1 0.0012 100
insertion 66 4 0.0012 100
merge 100 0 0.0012 100
quick 94 1 0.0012 100
bubble 100 0 0.0012 100
insertion 39 5 0.0012 100
merge 75 2 0.0012 100
quick 52 2 0.0012 100
bubble 100 0 0.0012 100
insertion 38 5 0.0012 100
merge 47 2 0.0012 100
quick 80 2 0.0012 100
bubble 99 1 0.0012 100
insertion 28 5 0.0012 100
merge 62 2 0.0012 100
quick 48 2 0.0012 100
bubble 100 0 0.0012 100
insertion 37 4 0.0012 100
merge 43 2 0.0012 100
quick 76 2 0.0012 100
bubble 99 1 0.0012 100
insertion 41 4 0.0012 100
merge 67 2 0.0012 100
quick 83 1 0.0012 100
bubble 100 0 0.0012 100
insertion 38 5 0.0012 100
merge 59 2 0.0012 100
quick 49 2 0.0012 100
bubble 100 0 0.0012 100
insertion 43 4 0.0012 100
merge 73 1 0.0012 100
quick 46 2 0.0012 100
bubble 100 0 0.0012 100
insertion 40 4 0.0012 100
merge 58 2 0.0012 100
quick 48 2 0.0012 100
bubble 100 0 0.0012 100
insertion 29 5 0.0012 100
merge 43 2 0.0012 100
quick 82 2 0.0012 100
bubble 99 1 0.0012 100
insertion 47 3 0.0012 100
merge 75 2 0.0012 100
quick 88 1 0.0012 100
bubble 100 0 0.0012 100
insertion 72 1 0.0012 100
merge 100 0 0.0012 100
quick 100 0 0.0012 100
bubble 100 0 0.0012 100
insertion 60 1 0.0012 100
merge 100 0 0.0012 100
quick 100 0 0.0012 100
bubble 100 0 0.0012 100
insertion 60 1 0.0012 100
merge 100 0 0.0012 100
quick 100 0 0.0012 100
bubble 100 0 0.0012 100
insertion 69 1 0.0012 100
merge 100 0 0.0012 100
quick 100 0 0.0012 100
bubble 100 0 0.0012 100
insertion 89 1 0.0012 100
merge 100 0 0.0012 100
quick 100 0 0.0012 100
bubble 100 0 0.0012 100
insertion 96 1 0.0012 100
merge 100 0 0.0012 100
quick 100 0 0.0012 100
bubble 100 0 0.0012 100
insertion 73 1 0.0012 100
merge 100 0 0.0012 100
quick 100 0 0.0012 100
bubble 100 0 0.0012 100
insertion 65 1 0.0012 100
merge 100 0 0.0012 100
quick 100 0 0.0012 100
bubble 100 0 0.0012 100
insertion 53 1 0.0012 100
merge 100 0 0.0012 100
quick 100 0 0.0012 100
bubble 51 1 0.0012 100
insertion 90 1 0.0012 100
merge 100 0 0.0012 100
quick 100 0 0.0012 100
bubble 100 0 0.0012 100
insertion 81 1 0.0012 100
merge 100 0 0.0012 100
quick 100 0 0.0012 100
bubble 100 0 0.0012 100
insertion 82 1 0.0012 100
merge 100 0 0.0012 100
quick 100 0 0.0012 100
bubble 100 0 0.0012 100
insertion 75 1 0.0012 100
merge 100 0 0.0012 100
quick 100 0 0.0012 100
bubble 100 0 0.0012 100
insertion 62 1 0.0012 100
merge 100 0 0.0012 100
quick 98 1 0.0012 100
bubble 100 0 0.0012 100
insertion 65 1 0.0012 100
merge 100 0 0.0012 100
quick 100 0 0.0012 100
bubble 100 0 0.0012 100
insertion 60 1 0.0012 100
merge 100 0 0.0012 100
quick 100 0 0.0012 100
bubble 100 0 0.0012 100
insertion 52 1 0.0012 100
merge 100 0 0.0012 100
quick 100 0 0.0012 100
bubble 100 0 0.0012 100
insertion 82 1 0.0012 100
merge 100 0 0.0012 100
quick 98 1 0.0012 100
bubble 100 0 0.0012 100
insertion 71 1 0.0012 100
merge 100 0 0.0012 100
quick 100 0 0.0012 100
bubble 100 0 0.0012 100
insertion 80 1 0.0012 100
merge 100 0 0.0012 100
quick 100 0 0.0012 100
bubble 100 0 0.0012 100
insertion 58 1 0.0012 100
merge 100 0 0.0012 100
quick 100 0 0.0012 100
bubble 100 0 0.0012 100
insertion 68 1 0.0012 100
merge 100 0 0.0012 100
quick 64 1 0.0012 100
bubble 96 1 0.0012 100
insertion 57 3 0.0012 100
merge 90 1 0.0012 100
quick 80 1 0.0012 100
bubble 100 0 0.0012 100
insertion 58 2 0.0012 100
merge 100 0 0.0012 100
quick 82 1 0.0012 100
bubble 100 0 0.0012 100
insertion 57 2 0.0012 100
merge 100 0 0.0012 100
quick 81 1 0.0012 100
bubble 100 0 0.0012 100
insertion 43 2 0.0012 100
merge 98 1 0.0012 100
quick 54 1 0.0012 100
bubble 100 0 0.0012 100
insertion 49 2 0.0012 100
merge 100 0 0.0012 100
quick 61 1 0.0012 100
bubble 100 0 0.0012 100
insertion 53 2 0.0012 100
merge 100 0 0.0012 100
quick 100 0 0.0012 100
bubble 100 0 0.0012 100
insertion 46 2 0.0012 100
merge 72 1 0.0012 100
quick 64 1 0.0012 100
bubble 100 0 0.0012 100
insertion 54 2 0.0012 100
merge 93 1 0.0012 100
quick 89 1 0.0012 100
bubble 100 0 0.0012 100
insertion 54 2 0.0012 100
merge 80 1 0.0012 100
quick 69 1 0.0012 100
bubble 100 0 0.0012 100
insertion 44 2 0.0012 100
merge 100 0 0.0012 100
quick 100 0 0.0012 100
bubble 100 0 0.0012 100
insertion 60 2 0.0012 100
merge 100 0 0.0012 100
quick 100 0 0.0012 100
bubble 100 0 0.0012 100
insertion 75 2 0.0012 100
merge 100 0 0.0012 100
quick 100 0 0.0012 100
bubble 75 1 0.0012 100
insertion 51 2 0.0012 100
merge 100 0 0.0012 100
quick 100 0 0.0012 100
bubble 100 0 0.0012 100
insertion 43 2 0.0012 100
merge 100 0 0.0012 100
quick 100 0 0.0012 100
bubble 100 0 0.0012 100
insertion 60 2 0.0012 100
merge 100 0 0.0012 100
quick 100 0 0.0012 100
bubble 100 0 0.0012 100
insertion 63 2 0.0012 100
merge 100 0 0.0012 100
quick 100 0 0.00024 100
bubble 100 0 0.00024 100
insertion 100 0 0.00024 100
merge 100 0 0.00024 100
quick 100 0 0.00024 100
bubble 100 0 0.00024 100
insertion 100 0 0.00024 100
merge 100 0 0.00024 100
quick 100 0 0.00024 100
bubble 100 0 0.00024 100
insertion 100 0 0.00024 100
merge 100 0 0.00024 100
quick 100 0 0.00024 100
bubble 100 0 0.00024 100
insertion 100 0 0.00024 100
merge 100 0 0.00024 100
quick 100 0 0.00024 100
bubble 100 0 0.00024 100
insertion 63 1 0.00024 100
merge 91 1 0.00024 100
quick 74 1 0.00024 100
bubble 100 0 0.00024 100
insertion 51 1 0.00024 100
merge 91 1 0.00024 100
quick 67 1 0.00024 100
bubble 100 0 0.00024 100
insertion 50 1 0.00024 100
merge 91 1 0.00024 100
quick 63 1 0.00024 100
bubble 100 0 0.00024 100
insertion 59 1 0.00024 100
merge 91 1 0.00024 100
quick 100 0 0.00024 100
bubble 100 0 0.00024 100
insertion 62 1 0.00024 100
merge 91 1 0.00024 100
quick 50 1 0.00024 100
bubble 100 0 0.00024 100
insertion 65 1 0.00024 100
merge 91 1 0.00024 100
quick 59 1 0.00024 100
bubble 100 0 0.00024 100
insertion 63 1 0.00024 100
merge 91 1 0.00024 100
quick 54 1 0.00024 100
bubble 100 0 0.00024 100
insertion 77 1 0.00024 100
merge 100 0 0.00024 100
quick 54 1 0.00024 100
bubble 100 0 0.00024 100
insertion 53 1 0.00024 100
merge 100 0 0.00024 100
quick 100 0 0.00024 100
bubble 100 0 0.00024 100
insertion 58 1 0.00024 100
merge 91 1 0.00024 100
quick 88 1 0.00024 100
bubble 99 1 0.00024 100
insertion 77 1 0.00024 100
merge 100 0 0.00024 100
quick 75 1 0.00024 100
bubble 99 1 0.00024 100
insertion 81 1 0.00024 100
merge 100 0 0.00024 100
quick 74 1 0.00024 100
bubble 99 1 0.00024 100
insertion 86 1 0.00024 100
merge 100 0 0.00024 100
quick 80 1 0.00024 100
bubble 99 1 0.00024 100
insertion 78 1 0.00024 100
merge 100 0 0.00024 100
quick 92 1 0.00024 100
bubble 100 0 0.00024 100
insertion 84 1 0.00024 100
merge 100 0 0.00024 100
quick 73 1 0.00024 100
bubble 99 1 0.00024 100
insertion 100 0 0.00024 100
merge 100 0 0.00024 100
quick 51 1 0.00024 100
bubble 100 0 0.00024 100
insertion 75 1 0.00024 100
merge 100 0 0.00024 100
quick 76 1 0.00024 100
bubble 100 0 0.00024 100
insertion 53 1 0.00024 100
merge 100 0 0.00024 100
quick 97 1 0.00024 100
bubble 99 1 0.00024 100
insertion 57 1 0.00024 100
merge 100 0 0.00024 100
quick 79 1 0.00024 100
bubble 100 0 0.00024 100
insertion 64 1 0.00024 100
merge 100 0 0.00024 100
quick 100 0 0.00024 100
bubble 58 1 0.00024 100
insertion 100 0 0.00024 100
merge 100 0 0.00024 100
quick 100 0 0.00024 100
bubble 58 1 0.00024 100
insertion 100 0 0.00024 100
merge 100 0 0.00024 100
quick 100 0 0.00024 100
bubble 58 1 0.00024 100
insertion 100 0 0.00024 100
merge 100 0 0.00024 100
quick 100 0 0.00024 100
bubble 100 0 0.00024 100
insertion 100 0 0.00024 100
merge 100 0 0.00024 100
quick 100 0 0.00024 100
bubble 58 1 0.00024 100
insertion 100 0 0.00024 100
merge 100 0 0.00024 100
quick 100 0 0.00024 100
bubble 58 1 0.00024 100
insertion 100 0 0.00024 100
merge 100 0 0.00024 100
quick 100 0 0.00024 100
bubble 58 1 0.00024 100
insertion 100 0 0.00024 100
merge 100 0 0.00024 100
quick 100 0 0.00024 100
bubble 100 0 0.00024 100
insertion 100 0 0.00024 100
merge 100 0 0.00024 100
quick 100 0 0.00024 100
bubble 58 1 0.00024 100
insertion 100 0 0.00024 100
merge 100 0 0.00024 100
quick 100 0 0.00024 100
bubble 100 0 0.00024 100
insertion 100 0 0.00024 100
merge 100 0 0.00024 100
quick 100 0 0.00024 100
bubble 100 0 0.00024 100
insertion 100 0 0.00024 100
merge 100 0 0.00024 100
quick 100 0 0.00024 100
bubble 100 0 0.00024 100
insertion 100 0 0.00024 100
merge 100 0 0.00024 100
quick 100 0 0.00024 100
bubble 100 0 0.00024 100
insertion 100 0 0.00024 100
merge 100 0 0.00024 100
quick 100 0 0.00024 100
bubble 100 0 0.00024 100
insertion 100 0 0.00024 100
merge 100 0 0.00024 100
quick 100 0 0.00024 100
bubble 100 0 0.00024 100
insertion 100 0 0.00024 100
merge 100 0 0.00024 100
quick 100 0 0.00024 100
bubble 100 0 0.00024 100
insertion 100 0 0.00024 100
merge 100 0 0.00024 100
quick 100 0 0.00024 100
bubble 100 0 0.00024 100
insertion 100 0 0.00024 100
merge 100 0 0.00024 100
quick 100 0 0.00024 100
bubble 100 0 0.00024 100
insertion 100 0 0.00024 100
merge 100 0 0.00024 100
quick 100 0 0.00024 100
bubble 100 0 0.00024 100
insertion 100 0 0.00024 100
merge 100 0 0.00024 100
quick 100 0 0.00024 100
bubble 100 0 0.00024 100
insertion 100 0 0.00024 100
merge 100 0 0.00024 100
quick 100 0 0.00024 100
bubble 100 0 0.00024 100
insertion 100 0 0.00024 100
merge 100 0 0.00024 100
quick 100 0 0.00024 100
bubble 100 0 0.00024 100
insertion 51 1 0.00024 100
merge 100 0 0.00024 100
quick 100 0 0.00024 100
bubble 100 0 0.00024 100
insertion 78 1 0.00024 100
merge 100 0 0.00024 100
quick 100 0 0.00024 100
bubble 100 0 0.00024 100
insertion 72 1 0.00024 100
merge 100 0 0.00024 100
quick 100 0 0.00024 100
bubble 100 0 0.00024 100
insertion 54 1 0.00024 100
merge 100 0 0.00024 100
quick 100 0 0.00024 100
bubble 100 0 0.00024 100
insertion 58 1 0.00024 100
merge 100 0 0.00024 100
